1775 0.49455887498398027 26.860270437380596
1801 0.755022445580848 6.012938119002222
1833 0.4845748699980891 38.959417637767444
1845 0.026737135924579367 155.57088618210452
1895 0.5854392428870043 14.018656390974106
1896 0.07057260668706099 209.34016630135912
1897 0.17586785408280034 179.76687147404652
1971 0.38738609926313144 115.46032084628955
1992 0.06626585182268135 117.6259915043072
1993 0.047732843088946666 99.66552474896295
1994 0.1693265433264876 39.006426794588144
1880 0.06665960058765677 259.61722208651
1950 0 0
1983 0 0
1926 0 0
1867 0 0
