1760 0.10508328009949766 44.10700229186904
1793 0.06555968863109053 94.51462795816231
1828 0.026686165660674367 86.11605661247025
1831 0.38934742956355456 175.82849157766734
1838 0.444197993042443 33.81259580795101
1872 0.14681305442389964 92.65285059078134
1893 0.5689737303676274 7.480678180674729
1898 0.153308772298783 23.49395371130513
1903 0.04448981942257611 113.51902096570852
1905 0.35428187291127206 26.623507400085938
1906 0.4913084576795218 17.1620719859631
1911 0.44432879644547124 21.73441434812082
1917 0.5266325933208303 19.460119887804122
1936 0.04273659602525445 127.80981607399268
1937 0.4312450606405325 15.102526586405755
1938 0.34644288266655243 57.84229781653439
1939 0.03269433737786357 141.5008768528066
1940 0 0
1941 0.047910691275818824 593.9378392607351
1944 0.46536809805934426 44.6397067882366
1946 0.0417445672609308 44.977955640891395
1951 0.1782527879981103 368.6663611484661
1953 0.14753062267594594 114.82827060900637
1954 0.0 66.76002092183712
1955 0.3991363726656811 72.77309458363236
1957 0.5840056485093885 21.66932791275285
1958 0.12874211690862897 66.3472501142539
1960 0.5679021856505211 8.141096266210361
1961 0.02672618698781347 152.25244272470223
1962 0.3686795463887957 70.10886246242067
1963 0.06218295731603435 158.47797777424444
1968 0.5070727166066998 23.16218995081288
1969 0.2122362582266036 103.97282082474005
1974 0.16555583077885422 87.85951522123572
1977 0.24770994994314005 23.991914765363912
1978 0.08606942683954323 524.0514103353122
1982 0.5555454176148878 29.18372453060572
1986 0.07231581061006712 124.10388156731915
1920 0.011465071032551842 100.20853546188529
1965 0.02504626657864955 723.0838702264866
1976 0.0010382840957028838 225.49974667579497
1985 0.010209436544181412 45.82956118299193
2000 0.43927346751862917 7.758492202733218
1924 0 0
1878 0 0
1995 0 0
1975 0 0
2011 0 0
1999 0 0
1997 0 0
