1775 0.6125306967940856 6.5805315657255194
1801 0.8213265461090128 1.5087631808684856
1833 0.6442689116105826 33.56719080630869
1845 0.5702768926804352 9.446926098116528
1895 0.6447681681863788 9.026243930254548
1896 0.3110056696992751 114.19288412559399
1897 0.2428216340227802 145.6196259616643
1971 0.6717592161485872 14.597454346062968
1992 0.20395728017006312 121.75385447432849
1993 0.48546455735546995 35.69621189722138
1994 0.14134864026957564 58.96414417964093
1880 0.21371472252629822 205.1717291249147
1950 0 0
1983 0 0
1926 0 0
1867 0 0
