1775 0.7754582317379461 2.2214003462511847
1801 0.796738770632614 3.405964339026119
1833 0.45691256607147823 36.27071753523846
1845 0.1642452894767771 139.17274096992023
1895 0.8018581899753684 2.8410505810765843
1896 0.3527988691478214 104.46750094015411
1897 0.2294266348707768 148.5331089763776
1971 0.38948301147679976 91.80770459477527
1992 0.15230609438364553 149.87319708527463
1993 0.547313981553917 18.053929070886362
1994 0.17240072510316315 46.34623926036264
1880 0.3331431431641794 108.05445964748128
1950 0 0
1983 0 0
1926 0 0
