1768 0.04487213045069991 168.22322514324574
1775 0.033663146402003796 117.28087334995186
1801 0.13215392450449276 24.033853982599634
1833 0.04008782396958971 227.01690353335584
1853 0.03490831920171221 323.21685390863536
1867 0.033667967854509144 143.23776954896582
1880 0.049165247831366284 154.4823018499502
1895 0.01785283785036666 187.3097072895961
1896 0.011440505405825153 202.30036714224005
1897 0.0008796622097114709 228.81050416704332
1921 0.05389656431737444 302.6273647147737
1926 0.023814379335305693 346.2102160137751
1933 0.049656760919707964 102.61380506733632
1943 0.04614743655004145 130.52092320289086
1950 0.04270991438899717 117.75016693943988
1967 0.056497229130001464 337.79415164136117
1971 0.01814592326407043 267.53864172532445
1972 0.037955541389018625 153.78844375049033
1983 0.016486009755569436 395.9313175378736
1996 0.033960653898098735 283.709937163563
2003 0.12026881757575048 472.51955939545786
2005 0.018167340507272395 168.0699553257172
1864 0.0462106080206191 121.87274776665326
2009 0.4134237475320163 5.446651082210786
1823 0.18121135612544248 300.7449965412698
1884 0 0
1989 0 0
1993 0 0
1804 0 0
