1760 0.6576400599186406 2.5841474039093084
1793 0.07080838455202976 91.79465982002236
1828 0.11659803957389428 31.066674014342574
1831 0.36040380235783825 149.38505147959793
1838 0.3643208209297145 113.44808229503396
1872 0.6893476781799236 6.850295762667457
1893 0.46114829515049255 7.216247919996986
1898 0.032257007676547114 60.542148752555114
1903 0.0365517737680973 134.79393423341793
1905 0.5983362799560744 16.036671339633187
1906 0.6425228547143953 6.132692270814442
1911 0.7898406372065858 9.091415876077184
1917 0.3716845277325496 24.179205009678913
1936 0.07648141769628677 131.33479768186714
1937 0.6366018520259098 6.567387955694378
1938 0.6188295523228067 38.22342211916867
1939 0.10052661397826183 61.558696747158876
1940 0 0
1941 0.0501813407135097 1820.0127766454468
1944 0.43074543457641457 19.196504012186857
1946 0.11695818087865456 17.77184431606004
1951 0.1754349027736628 419.23311181945314
1953 0.12731251810730396 135.43999348804797
1954 0.04999534542961361 21.914357110583502
1955 0.25469859612346263 69.58899340014035
1957 0.6486595374952121 12.272008988974289
1958 0.40732081427539557 38.77798598937477
1960 0.7848847965380422 3.2449851322743917
1961 0.18647748475917517 85.39290246764102
1962 0.6374206201551151 4.126957661595039
1963 0.5607851849337709 6.218726076866731
1968 0.33312025667092565 14.595539838573755
1969 0.6848972232136943 4.491180942032032
1974 0.417329783778575 20.015941617489975
1977 0.2957540416852091 11.387451108411758
1978 0.08657302228599707 583.5704181141153
1982 0.6553343813813376 17.425884935450203
1986 0.0921551413379837 119.23027571589135
1920 0.05264342635957075 53.03079873716657
1965 0.02187104864552774 727.3153210966922
1976 0.007291296510318834 239.9303337448304
1985 0.03394481135293121 27.169941645846944
2000 0.7468193353511383 3.5414407194322925
1924 0 0
1878 0 0
1995 0 0
1975 0 0
2011 0 0
1999 0 0
1997 0 0
