1768 0.054473251237172934 304.0918738098168
1775 0.4746680075524625 15.95758661828437
1801 0.23260707641355505 17.06402750261241
1833 0.2078393167669166 79.36867621556722
1853 0.03639736502308564 364.91169964166875
1867 0.13955927726942005 89.06612182154784
1880 0.14302787087055524 120.52341060038258
1895 0.0066186290536532815 175.8888920145399
1896 0.011440505405825153 202.30036714224005
1897 0.0 235.5671855679896
1921 0.4486152599510618 64.51811709855303
1926 0.025932634611270794 353.2928751305342
1933 0.4833662635080644 12.371309893866602
1943 0.04748125771563542 135.442396333524
1950 0.4530898522760747 9.31715386600407
1967 0.42582704954332845 49.589516589393085
1971 0.024140963998477653 261.504551965654
1972 0.024279843335256585 158.99757025788327
1983 0.02249426127032745 433.5429614197528
1996 0.3556620992666242 125.09517470598342
2003 0.0714002869388607 592.736867291647
2005 0.022454030366160387 166.71237343887415
1864 0.3646197169400461 74.56105882992138
2009 0.35905200204107035 7.770819556344807
1823 0.19156453193672143 227.39786665497783
1884 0 0
1989 0 0
1993 0 0
1804 0 0
