1760 0.05817080903464054 117.39028069097832
1793 0.036197697298983374 104.62251162780154
1828 0.052127642261832995 43.40526179776172
1831 0.38426788857427996 225.41739438213605
1838 0.40610534239927154 45.327150014089945
1872 0.7266417376737737 5.821608018771127
1893 0.7835517370363596 5.11714274499456
1898 0.185807755491352 25.755471511187583
1903 0.04103817405419836 122.0560785569393
1905 0.5036747263194357 20.694350399911045
1906 0.6906503585079494 4.879686703459375
1911 0.5829324038614625 10.461978685552161
1917 0.41880369881850793 27.308849699090445
1936 0.6151931178888238 7.451735998411443
1937 0.47663098824269645 27.525924759372135
1938 0.38078118799763855 32.497884264353196
1939 0.03715280998745883 181.60912581147795
1940 0 0
1941 0.0575408740293617 577.5305417974339
1944 0.47519836530821047 38.175964670184875
1946 0.07368953967163006 30.785659168303777
1951 0.18844766050553186 395.50717751632743
1953 0.32374020365477013 88.92286978759044
1954 0.057105994070331 20.959723428357886
1955 0.6047459269571549 12.344242873749758
1957 0.6570557587381629 15.752906006874548
1958 0.20567608551538225 41.776131247514755
1960 0.5761398098333267 8.007676764702929
1961 0.06041886956195468 114.22760116505513
1962 0.6856791992191075 3.016277486280002
1963 0.07908143535671319 155.09942172464625
1968 0.5969961649728085 7.379414867060838
1969 0.3547080089826999 22.962782285224005
1974 0.6236516112911215 6.976866380664258
1977 0.22579856652446875 20.426543652941856
1978 0.08271302527084767 526.6710342665262
1982 0.564469347614778 20.894904735584074
1986 0.06893314134585078 118.49890650641508
1920 0.056127985459228244 62.82612838470436
1965 0.13598811218543908 227.41272178971755
1976 0.006514777008887513 249.21756312323765
1985 0.04133047936264886 21.786426639778277
2000 0 0
1924 0 0
1878 0 0
1995 0 0
1975 0 0
2011 0 0
1999 0 0
1997 0 0
