1760 0.04651975337054625 118.48775395560263
1793 0.04076072803239844 104.1294971020336
1828 0.10239795047915619 35.51729814714653
1831 0.26476869707446027 188.80423174888398
1838 0.12853822878415655 420.4696049330407
1872 0.24892336702189455 72.23660491130832
1893 0.3048452136657049 41.91070842114919
1898 0.03446734081617775 60.31694112768704
1903 0.04380321005411245 117.99757753364514
1905 0.30727038830502035 37.41252394393098
1906 0.0214114380714331 116.674822674517
1911 0.557826565944685 19.193040020239554
1917 0.41587195662596826 28.55975606506335
1936 0.07942166218105239 128.9049393485422
1937 0.02948330152395628 97.90640130978822
1938 0.06300264130614013 210.72102614172573
1939 0.031266444896619255 177.87553937358257
1940 0 0
1941 0.05102518458834127 639.0725122919854
1944 0.399961291016464 137.95477971489476
1946 0.11265344579712208 18.14677135625924
1951 0.18860349774425741 415.3422992002932
1953 0.09245526234150717 153.58315897920158
1954 0.057105994070331 20.959723428357886
1955 0.2515769671705153 153.94017978591478
1957 0.16580950708443745 135.1782981319518
1958 0.09874654698758621 59.99902288433339
1960 0.22785472430611228 113.22707711018896
1961 0.03654836536052887 133.4292055519138
1962 0.06306004100600987 152.68554370021877
1963 0.02042848927337019 246.6815422449458
1968 0.08756011899708688 173.89074180913664
1969 0.11954818278072228 78.03816638262336
1974 0.02345408744205905 128.23322939383777
1977 0.16582757296021156 56.349440659287936
1978 0.09060417562316747 412.81191037780184
1982 0.6907018576611845 12.071262957210674
1986 0.04056851992573731 139.0348002962146
1920 0.04319402352379553 64.2511243032668
1965 0.022096677708630247 732.4494279053672
1976 0.007247432532642621 245.66186433432438
1985 0.03221455592738772 27.775644406583073
2000 0.778383410664031 4.455423604185959
1924 0 0
1878 0 0
1995 0 0
1975 0 0
2011 0 0
1999 0 0
1997 0 0
