1768 0.05433673296130809 165.26849523674377
1775 0.04473690058922363 114.32149271067213
1801 0.1542049445551057 21.929188137886896
1833 0.03912859025940746 227.72839472978714
1853 0.042373223985631175 357.46090375127875
1867 0.06000293698945113 133.06553716404946
1880 0.06794331568828452 147.04177696649856
1895 0.01785283785036666 187.3598731376778
1896 0.011440505405825153 202.30036714224005
1897 0.0008796622097114709 228.81050416704332
1921 0.4210438985637373 86.52949906631125
1926 0.027238922580043595 343.2310806982809
1933 0.07708591009077534 96.8465630516444
1943 0.04954751813157639 127.25970209134
1950 0.05629129660396919 113.16541939894367
1967 0.247333498228603 216.6764978004546
1971 0.02800846529727952 260.1375032378209
1972 0.037955541389018625 153.93045732694293
1983 0.017565360204202483 394.43947259003073
1996 0.2473496143277117 176.6335107431946
2003 0.10156180447177975 524.3244663913862
2005 0.01994897799330516 165.74608186464457
1864 0.060786616192892606 116.52169272864039
2009 0.4080917177583491 4.918237176444419
1823 0.38353255554729926 91.45309828524145
1884 0 0
1989 0 0
1993 0 0
1804 0 0
