1768 0.10818791356343022 193.29310560981673
1775 0.20308339945979687 129.96659957960418
1801 0.056974693101062616 40.00827081229545
1833 0.2876400107953697 67.60378743462158
1853 0.04255557905770651 345.69104265029625
1867 0.08817542253585726 145.29796886174432
1880 0.13751637137117745 129.36640967496177
1895 0.012903029923896265 181.92710357324145
1896 0.011454032841598799 194.63755416683063
1897 0.000530082162735224 223.55616927513668
1921 0.4073751270448976 103.53078421516452
1926 0.1503446248715511 247.11643799099247
1933 0.12448852234161911 164.06096289461436
1943 0.03842425816710435 132.63599717312584
1950 0.060912596305564164 57.5578918209008
1967 0.21581406098866746 286.48656557813615
1971 0.004986120282001918 372.06498810911074
1972 0.03884032865137861 153.08684257588493
1983 0.12694714323024026 248.8036617633763
1996 0.25197152514716764 148.13007625067354
2003 0.10087882515116121 574.1064359400017
2005 0.017003797508166 124.81566043714038
1864 0.45325555609702795 19.614197492691485
2009 0.04727540414266147 50.866211155904175
1823 0.41654095637294436 81.20619748790436
1884 0 0
1989 0 0
1993 0 0
1804 0 0
