1760 0.09685594325104077 101.11471125805562
1793 0.03081337512035076 107.32831580181197
1828 0.10239795047915619 35.51729814714653
1831 0.3992973049308322 150.383158481419
1838 0.41768659002814096 34.689766658147256
1872 0.3580906414657782 42.284071085969835
1893 0.7889879704090871 1.7133515764688099
1898 0.03790887441272195 57.51907050656342
1903 0.04038861847660554 122.35623566874463
1905 0.4362140156552012 33.53025853808781
1906 0.03405734987861906 112.30337887191044
1911 0.5246830572265988 39.57364547878509
1917 0.21521406815189123 48.08477898438645
1936 0.08287681691144266 122.54645204943206
1937 0.06927632038882496 94.03991870634698
1938 0.45751894182322256 53.957967395262735
1939 0.04298122315071593 159.9967709298333
1940 0 0
1941 0.055823056735797114 632.74247303605
1944 0.23635070729983748 254.76059909543503
1946 0.11265344579712208 18.14677135625924
1951 0.19359556431731953 415.3811986568759
1953 0.12484880655502545 148.0768546059724
1954 0.07025400482529502 18.776740864857715
1955 0.15075070896782977 379.83938461451726
1957 0.575767627677875 21.9113187214232
1958 0.27761245757786795 42.569769348330695
1960 0.5830674369551436 10.54997344866316
1961 0.10232958232121236 110.12901480714298
1962 0.38908529914498424 33.789497952251985
1963 0.025721865744710876 241.67424499671193
1968 0.44285395827425117 30.857275615628172
1969 0.14479653602452258 78.86585728420967
1974 0.04092698869314017 115.74286074069528
1977 0.1819942256837967 50.645279627343754
1978 0.06537982040665488 642.930638449961
1982 0.07689841531969253 432.59050131738667
1986 0.08334060496465275 124.86687939001827
1920 0.046043002828653354 63.01094993174081
1965 0.02330444094119779 726.1526121562983
1976 0.007247432532642621 245.66186433432438
1985 0.03221455592738772 27.775644406583073
2000 0.793171742622006 3.2959295330224476
1924 0 0
1878 0 0
1995 0 0
1975 0 0
2011 0 0
1999 0 0
1997 0 0
