1768 0.04781562071856718 304.8666495317333
1775 0.5120135400696341 17.50827277359978
1801 0.16450843714990013 21.307881977687877
1833 0.27494470269174226 128.36147430208837
1853 0.036022474880061175 368.3071551500986
1867 0.08425610466509306 199.66589961620542
1880 0.14893256408247557 125.29808754009387
1895 0.019414632906182144 166.4869226497715
1896 0.011727003303528704 200.08922306803663
1897 0.0008796622097114709 227.8289487889205
1921 0.4169924866090632 75.7994623176043
1926 0.3678680811442976 81.25103726260743
1933 0.6642836029281918 5.477767541010718
1943 0.18214304187899777 26.842461753391074
1950 0.5864267394185688 7.056481598368722
1967 0.551473603800534 8.59497146237702
1971 0.26756346863973357 76.12325263443934
1972 0.03666495579588805 154.71453107470464
1983 0.1472650431404417 262.24246854411064
1996 0.2781851890977132 732.3817913519052
2003 0.6508568742313044 19.07736268475346
2005 0.11458160711148875 42.09179911496861
1864 0.5651625058819683 10.369098065907481
2009 0.28507765523297107 9.37054997090536
1823 0.2781057842484023 108.37721611540331
1884 0 0
1989 0 0
1993 0 0
1804 0 0
