2,1,203,809,140,268
2,2,360,812,124,267
2,3,400,788,104,259
2,4,1649,817,100,250
2,5,667,688,97,221
2,6,758,691,93,206
2,7,1579,667,116,242
2,8,1664,668,76,221
2,9,1232,589,58,182
2,10,1503,511,52,100
2,11,1339,472,58,82
2,12,1470,640,78,211
2,13,1428,591,81,178
2,14,1165,613,66,193
2,15,1029,612,80,190
2,16,1372,572,65,178
2,17,739,471,45,106
2,18,763,448,50,118
2,19,789,483,49,134
2,20,808,467,50,134
2,21,817,449,54,122
2,22,876,447,58,136
2,23,874,468,53,124
2,24,810,524,67,170
2,25,1183,570,57,169
2,26,863,531,61,162
2,27,916,538,61,151
2,28,942,517,66,145
2,29,1008,517,61,136
2,30,999,511,55,129
2,31,938,559,84,163
2,32,990,594,54,116
2,33,1000,564,73,190
2,34,949,602,74,203
2,35,1064,511,55,149
2,36,1087,540,76,184
2,37,1072,594,73,163
2,75,1315,493,45,71
2,77,1209,447,54,97
2,78,1229,440,65,108
2,79,537,388,100,284
2,80,451,435,112,305
2,81,620,358,82,257
2,82,679,349,66,232
2,83,1259,498,160,310
2,84,1432,512,60,95
2,85,1049,440,46,119
2,86,1856,704,56,368
2,87,1416,568,160,71
2,88,1301,379,221,61
3,1,206,807,140,268
3,2,348,808,124,267
3,3,401,788,104,259
3,4,1651,818,100,250
3,5,666,690,97,221
3,6,757,692,93,206
3,7,1574,673,116,242
3,8,1662,670,76,221
3,9,1232,591,58,182
3,10,1504,511,52,100
3,11,1339,472,58,82
3,12,1468,641,78,211
3,13,1429,593,81,178
3,14,1167,614,66,193
3,15,1029,613,80,190
3,16,1373,573,65,178
3,17,743,470,45,106
3,18,764,448,50,118
3,19,789,484,49,134
3,20,809,469,50,134
3,21,818,450,54,122
3,22,877,447,58,136
3,23,876,469,53,124
3,24,810,525,67,170
3,25,1184,572,57,169
3,26,864,530,61,162
3,27,917,538,61,151
3,28,942,517,66,145
3,29,1008,518,61,136
3,30,999,513,55,129
3,31,939,562,84,163
3,32,991,595,54,116
3,33,1000,564,73,190
3,34,950,603,74,203
3,35,1064,511,55,149
3,36,1087,541,76,184
3,37,1073,595,73,163
3,75,1315,494,45,71
3,77,1210,447,54,97
3,78,1230,441,65,108
3,79,536,389,100,284
3,80,452,436,112,305
3,81,619,362,82,257
3,82,680,349,66,232
3,83,1259,499,160,310
3,84,1432,513,60,95
3,85,1049,440,46,119
3,86,1862,711,56,368
3,87,1418,569,160,71
3,88,1301,379,221,61
4,1,208,807,140,268
4,2,351,807,124,267
4,3,402,787,104,259
4,4,1658,829,100,250
4,5,668,692,97,221
4,6,757,693,93,206
4,7,1570,672,116,242
4,8,1657,675,76,221
4,9,1233,592,58,182
4,10,1504,512,52,100
4,11,1339,473,58,82
4,12,1467,643,78,211
4,13,1432,592,81,178
4,14,1168,618,66,193
4,15,1029,613,80,190
4,16,1375,574,65,178
4,17,743,472,45,106
4,18,766,448,50,118
4,19,788,486,49,134
4,20,808,469,50,134
4,21,821,449,54,122
4,22,880,449,58,136
4,23,876,469,53,124
4,24,812,526,67,170
4,25,1185,574,57,169
4,26,866,531,61,162
4,27,919,540,61,151
4,28,943,518,66,145
4,29,1011,518,61,136
4,30,1001,514,55,129
4,31,939,563,84,163
4,32,993,595,54,116
4,33,1002,564,73,190
4,34,952,604,74,203
4,35,1066,511,55,149
4,36,1088,541,76,184
4,37,1074,596,73,163
4,75,1315,494,45,71
4,77,1212,449,54,97
4,78,1231,441,65,108
4,79,537,389,100,284
4,80,453,436,112,305
4,81,620,364,82,257
4,82,680,349,66,232
4,83,1259,500,160,310
4,84,1432,514,60,95
4,85,1050,441,46,119
4,86,1862,711,56,368
4,87,1419,570,160,71
4,88,1302,379,221,61
5,1,209,807,140,268
5,2,354,805,124,267
5,3,403,787,104,259
5,4,1662,829,100,250
5,5,666,694,97,221
5,6,757,695,93,206
5,7,1564,674,116,242
5,8,1653,672,76,221
5,9,1232,592,58,182
5,10,1503,514,52,100
5,11,1339,474,58,82
5,12,1464,644,78,211
5,13,1432,591,81,178
5,14,1169,619,66,193
5,15,1030,613,80,190
5,16,1372,574,65,178
5,17,745,471,45,106
5,18,766,448,50,118
5,19,787,487,49,134
5,20,808,471,50,134
5,21,822,448,54,122
5,22,881,450,58,136
5,23,876,471,53,124
5,24,811,527,67,170
5,25,1185,576,57,169
5,26,866,531,61,162
5,27,918,540,61,151
5,28,942,521,66,145
5,29,1011,519,61,136
5,30,1001,515,55,129
5,31,939,564,84,163
5,32,994,595,54,116
5,33,1002,563,73,190
5,34,953,605,74,203
5,35,1066,512,55,149
5,36,1087,541,76,184
5,37,1073,597,73,163
5,75,1315,495,45,71
5,77,1213,448,54,97
5,78,1231,441,65,108
5,79,536,389,100,284
5,80,452,436,112,305
5,81,619,366,82,257
5,82,680,350,66,232
5,83,1259,500,160,310
5,84,1432,514,60,95
5,85,1049,442,46,119
5,86,1861,711,56,368
5,87,1419,570,160,71
5,88,1301,380,221,61
6,1,210,806,140,268
6,2,357,803,124,267
6,3,405,787,104,259
6,4,1663,829,100,250
6,5,664,695,97,221
6,6,756,698,93,206
6,7,1556,673,116,242
6,8,1646,671,76,221
6,9,1231,592,58,182
6,10,1504,514,52,100
6,11,1338,474,58,82
6,12,1462,644,78,211
6,13,1433,591,81,178
6,14,1170,622,66,193
6,15,1030,616,80,190
6,16,1371,575,65,178
6,17,746,472,45,106
6,18,765,450,50,118
6,19,786,488,49,134
6,20,807,473,50,134
6,21,824,449,54,122
6,22,883,451,58,136
6,23,876,472,53,124
6,24,811,528,67,170
6,25,1186,580,57,169
6,26,867,532,61,162
6,27,918,540,61,151
6,28,942,522,66,145
6,29,1011,521,61,136
6,30,1002,516,55,129
6,31,939,564,84,163
6,32,995,596,54,116
6,33,1003,565,73,190
6,34,955,607,74,203
6,35,1067,513,55,149
6,36,1088,541,76,184
6,37,1074,598,73,163
6,75,1314,496,45,71
6,77,1213,449,54,97
6,78,1232,439,65,108
6,79,535,391,100,284
6,80,451,437,112,305
6,81,619,364,82,257
6,82,679,352,66,232
6,83,1257,501,160,310
6,84,1431,515,60,95
6,85,1049,443,46,119
6,86,1861,711,56,368
6,87,1418,570,160,71
6,88,1301,381,221,61
7,1,216,806,140,268
7,2,363,803,124,267
7,3,409,785,104,259
7,4,1671,828,100,250
7,5,666,696,97,221
7,6,758,699,93,206
7,7,1555,674,116,242
7,8,1642,671,76,221
7,9,1232,592,58,182
7,10,1506,514,52,100
7,11,1341,474,58,82
7,12,1461,643,78,211
7,13,1435,591,81,178
7,14,1173,624,66,193
7,15,1034,618,80,190
7,16,1374,575,65,178
7,17,748,472,45,106
7,18,767,451,50,118
7,19,787,490,49,134
7,20,808,473,50,134
7,21,827,449,54,122
7,22,885,452,58,136
7,23,878,472,53,124
7,24,812,529,67,170
7,25,1189,582,57,169
7,26,870,532,61,162
7,27,920,541,61,151
7,28,945,522,66,145
7,29,1013,522,61,136
7,30,1005,517,55,129
7,31,942,564,84,163
7,32,998,597,54,116
7,33,1006,567,73,190
7,34,959,609,74,203
7,35,1070,513,55,149
7,36,1091,541,76,184
7,37,1075,600,73,163
7,75,1316,496,45,71
7,77,1217,447,54,97
7,78,1235,439,65,108
7,79,536,391,100,284
7,80,453,437,112,305
7,81,620,364,82,257
7,82,681,351,66,232
7,83,1260,500,160,310
7,84,1432,515,60,95
7,85,1051,443,46,119
7,86,1863,711,56,368
7,87,1421,570,160,71
7,88,1303,381,221,61
8,1,221,805,140,268
8,2,367,803,124,267
8,3,414,783,104,259
8,4,1676,828,100,250
8,5,668,696,97,221
8,6,760,701,93,206
8,7,1552,675,116,242
8,8,1637,670,76,221
8,9,1235,592,58,182
8,10,1508,514,52,100
8,11,1343,474,58,82
8,12,1463,641,78,211
8,13,1439,591,81,178
8,14,1177,628,66,193
8,15,1038,619,80,190
8,16,1376,576,65,178
8,17,751,474,45,106
8,18,770,451,50,118
8,19,788,490,49,134
8,20,811,475,50,134
8,21,829,451,54,122
8,22,888,452,58,136
8,23,880,473,53,124
8,24,814,530,67,170
8,25,1191,589,57,169
8,26,873,533,61,162
8,27,922,543,61,151
8,28,948,523,66,145
8,29,1016,523,61,136
8,30,1007,518,55,129
8,31,944,564,84,163
8,32,1002,598,54,116
8,33,1010,571,73,190
8,34,964,610,74,203
8,35,1073,515,55,149
8,36,1095,542,76,184
8,37,1079,600,73,163
8,75,1318,496,45,71
8,77,1220,447,54,97
8,78,1238,439,65,108
8,79,538,391,100,284
8,80,456,437,112,305
8,81,622,365,82,257
8,82,683,351,66,232
8,83,1262,501,160,310
8,84,1435,515,60,95
8,85,1053,443,46,119
8,86,1863,711,56,368
8,87,1425,570,160,71
8,88,1305,381,221,61
9,1,222,808,140,268
9,2,366,807,124,267
9,3,414,784,104,259
9,4,1678,829,100,250
9,5,666,698,97,221
9,6,758,706,93,206
9,7,1544,681,116,242
9,8,1628,673,76,221
9,9,1234,595,58,182
9,10,1507,516,52,100
9,11,1341,476,58,82
9,12,1459,643,78,211
9,13,1438,595,81,178
9,14,1179,632,66,193
9,15,1038,621,80,190
9,16,1374,577,65,178
9,17,750,475,45,106
9,18,769,453,50,118
9,19,787,493,49,134
9,20,809,477,50,134
9,21,828,454,54,122
9,22,887,454,58,136
9,23,879,475,53,124
9,24,812,532,67,170
9,25,1191,589,57,169
9,26,873,534,61,162
9,27,921,545,61,151
9,28,948,526,66,145
9,29,1014,526,61,136
9,30,1007,520,55,129
9,31,944,565,84,163
9,32,1002,601,54,116
9,33,1009,574,73,190
9,34,965,611,74,203
9,35,1073,517,55,149
9,36,1096,544,76,184
9,37,1078,607,73,163
9,75,1317,498,45,71
9,77,1220,448,54,97
9,78,1238,441,65,108
9,79,537,393,100,284
9,80,454,439,112,305
9,81,621,368,82,257
9,82,681,352,66,232
9,83,1260,503,160,310
9,84,1434,517,60,95
9,85,1052,445,46,119
9,86,1861,711,56,368
9,87,1424,571,160,71
9,88,1302,382,221,61
10,1,226,806,140,268
10,2,370,808,124,267
10,3,417,784,104,259
10,4,1683,829,100,250
10,5,667,702,97,221
10,6,759,708,93,206
10,7,1540,682,116,242
10,8,1626,674,76,221
10,9,1234,596,58,182
10,10,1507,518,52,100
10,11,1341,478,58,82
10,12,1459,646,78,211
10,13,1439,599,81,178
10,14,1181,632,66,193
10,15,1040,623,80,190
10,16,1375,578,65,178
10,17,751,476,45,106
10,18,771,454,50,118
10,19,787,495,49,134
10,20,809,478,50,134
10,21,829,457,54,122
10,22,888,455,58,136
10,23,881,477,53,124
10,24,812,532,67,170
10,25,1193,590,57,169
10,26,875,535,61,162
10,27,921,547,61,151
10,28,949,527,66,145
10,29,1015,527,61,136
10,30,1008,521,55,129
10,31,946,567,84,163
10,32,1004,602,54,116
10,33,1011,576,73,190
10,34,967,612,74,203
10,35,1075,518,55,149
10,36,1097,547,76,184
10,37,1079,606,73,163
10,75,1318,499,45,71
10,77,1223,450,54,97
10,78,1239,442,65,108
10,79,538,393,100,284
10,80,454,440,112,305
10,81,621,368,82,257
10,82,681,354,66,232
10,83,1260,504,160,310
10,84,1434,518,60,95
10,85,1053,447,46,119
10,86,1863,711,56,368
10,87,1426,574,160,71
10,88,1302,384,221,61
11,1,232,804,140,268
11,2,374,808,124,267
11,3,422,786,104,259
11,4,1687,829,100,250
11,5,669,703,97,221
11,6,760,711,93,206
11,7,1538,678,116,242
11,8,1623,670,76,221
11,9,1236,597,58,182
11,10,1510,518,52,100
11,11,1343,479,58,82
11,12,1460,646,78,211
11,13,1441,601,81,178
11,14,1186,631,66,193
11,15,1044,624,80,190
11,16,1377,579,65,178
11,17,754,478,45,106
11,18,774,456,50,118
11,19,790,497,49,134
11,20,810,480,50,134
11,21,831,459,54,122
11,22,893,456,58,136
11,23,883,479,53,124
11,24,814,532,67,170
11,25,1197,589,57,169
11,26,877,537,61,162
11,27,924,548,61,151
11,28,951,527,66,145
11,29,1017,528,61,136
11,30,1011,522,55,129
11,31,950,568,84,163
11,32,1008,605,54,116
11,33,1014,578,73,190
11,34,972,613,74,203
11,35,1079,519,55,149
11,36,1100,549,76,184
11,37,1083,612,73,163
11,75,1320,500,45,71
11,77,1227,452,54,97
11,78,1242,442,65,108
11,79,539,395,100,284
11,80,456,442,112,305
11,81,624,368,82,257
11,82,683,355,66,232
11,83,1263,505,160,310
11,84,1436,519,60,95
11,85,1054,447,46,119
11,86,1863,711,56,368
11,87,1430,574,160,71
11,88,1305,385,221,61
12,1,230,804,140,268
12,2,373,808,124,267
12,3,422,786,104,259
12,4,1688,829,100,250
12,5,667,706,97,221
12,6,759,713,93,206
12,7,1533,670,116,242
12,8,1619,669,76,221
12,9,1235,598,58,182
12,10,1508,520,52,100
12,11,1342,479,58,82
12,12,1460,648,78,211
12,13,1447,601,81,178
12,14,1188,625,66,193
12,15,1043,625,80,190
12,16,1375,581,65,178
12,17,755,479,45,106
12,18,774,458,50,118
12,19,789,499,49,134
12,20,809,480,50,134
12,21,830,461,54,122
12,22,894,458,58,136
12,23,881,480,53,124
12,24,812,535,67,170
12,25,1197,589,57,169
12,26,877,539,61,162
12,27,923,549,61,151
12,28,952,528,66,145
12,29,1015,530,61,136
12,30,1011,524,55,129
12,31,950,571,84,163
12,32,1008,607,54,116
12,33,1014,579,73,190
12,34,972,617,74,203
12,35,1079,520,55,149
12,36,1098,552,76,184
12,37,1082,613,73,163
12,75,1318,502,45,71
12,77,1226,453,54,97
12,78,1242,444,65,108
12,79,539,395,100,284
12,80,455,443,112,305
12,81,623,369,82,257
12,82,683,357,66,232
12,83,1261,507,160,310
12,84,1434,521,60,95
12,85,1054,449,46,119
12,86,1861,711,56,368
12,87,1427,576,160,71
12,88,1304,386,221,61
13,1,233,803,140,268
13,2,375,807,124,267
13,3,422,787,104,259
13,4,1692,829,100,250
13,5,666,707,97,221
13,6,759,715,93,206
13,7,1530,671,116,242
13,8,1616,667,76,221
13,9,1235,599,58,182
13,10,1507,520,52,100
13,11,1341,480,58,82
13,12,1473,649,78,211
13,13,1448,604,81,178
13,14,1173,618,66,193
13,15,1044,625,80,190
13,16,1375,581,65,178
13,17,756,480,45,106
13,18,772,458,50,118
13,19,789,499,49,134
13,20,807,481,50,134
13,21,829,462,54,122
13,22,888,460,58,136
13,23,881,482,53,124
13,24,809,536,67,170
13,25,1196,593,57,169
13,26,876,540,61,162
13,27,922,551,61,151
13,28,952,529,66,145
13,29,1016,531,61,136
13,30,1012,526,55,129
13,31,951,573,84,163
13,32,1010,609,54,116
13,33,1013,580,73,190
13,34,973,620,74,203
13,35,1080,522,55,149
13,36,1098,554,76,184
13,37,1082,613,73,163
13,75,1318,502,45,71
13,77,1228,455,54,97
13,78,1241,445,65,108
13,79,538,397,100,284
13,80,454,443,112,305
13,81,621,370,82,257
13,82,681,358,66,232
13,83,1261,507,160,310
13,84,1434,521,60,95
13,85,1053,449,46,119
13,86,1860,711,56,368
13,87,1425,575,160,71
13,88,1302,387,221,61
14,1,235,799,140,268
14,2,380,807,124,267
14,3,426,785,104,259
14,4,1693,828,100,250
14,5,667,710,97,221
14,6,759,713,93,206
14,7,1527,669,116,242
14,8,1609,667,76,221
14,9,1235,598,58,182
14,10,1508,520,52,100
14,11,1342,480,58,82
14,12,1476,650,78,211
14,13,1451,606,81,178
14,14,1176,613,66,193
14,15,1047,627,80,190
14,16,1376,580,65,178
14,17,757,481,45,106
14,18,774,458,50,118
14,19,788,500,49,134
14,20,808,481,50,134
14,21,831,462,54,122
14,22,890,461,58,136
14,23,883,481,53,124
14,24,810,537,67,170
14,25,1198,593,57,169
14,26,877,540,61,162
14,27,923,551,61,151
14,28,953,529,66,145
14,29,1017,531,61,136
14,30,1014,526,55,129
14,31,953,576,84,163
14,32,1013,610,54,116
14,33,1016,582,73,190
14,34,975,621,74,203
14,35,1083,523,55,149
14,36,1100,554,76,184
14,37,1084,613,73,163
14,75,1318,502,45,71
14,77,1230,456,54,97
14,78,1244,444,65,108
14,79,539,397,100,284
14,80,455,445,112,305
14,81,622,372,82,257
14,82,683,358,66,232
14,83,1261,507,160,310
14,84,1434,521,60,95
14,85,1053,448,46,119
14,86,1862,711,56,368
14,87,1428,576,160,71
14,88,1304,387,221,61
15,1,237,799,140,268
15,2,383,807,124,267
15,3,428,786,104,259
15,4,1696,829,100,250
15,5,668,713,97,221
15,6,759,715,93,206
15,7,1524,668,116,242
15,8,1604,668,76,221
15,9,1235,600,58,182
15,10,1509,521,52,100
15,11,1343,482,58,82
15,12,1478,656,78,211
15,13,1449,608,81,178
15,14,1176,620,66,193
15,15,1049,628,80,190
15,16,1376,581,65,178
15,17,759,481,45,106
15,18,776,458,50,118
15,19,789,500,49,134
15,20,808,482,50,134
15,21,833,463,54,122
15,22,892,462,58,136
15,23,884,483,53,124
15,24,810,537,67,170
15,25,1198,589,57,169
15,26,879,541,61,162
15,27,924,553,61,151
15,28,955,531,66,145
15,29,1018,533,61,136
15,30,1016,527,55,129
15,31,955,578,84,163
15,32,1016,612,54,116
15,33,1019,583,73,190
15,34,978,622,74,203
15,35,1085,523,55,149
15,36,1101,556,76,184
15,37,1086,613,73,163
15,75,1318,502,45,71
15,77,1232,457,54,97
15,78,1246,445,65,108
15,79,540,398,100,284
15,80,455,445,112,305
15,81,621,375,82,257
15,82,683,358,66,232
15,83,1261,509,160,310
15,84,1435,522,60,95
15,85,1054,449,46,119
15,86,1862,711,56,368
15,87,1428,576,160,71
15,88,1305,389,221,61
16,1,241,798,140,268
16,2,386,808,124,267
16,3,432,784,104,259
16,4,1700,829,100,250
16,5,669,714,97,221
16,6,760,718,93,206
16,7,1524,671,116,242
16,8,1601,669,76,221
16,9,1237,602,58,182
16,10,1510,523,52,100
16,11,1343,483,58,82
16,12,1481,657,78,211
16,13,1455,609,81,178
16,14,1178,613,66,193
16,15,1052,628,80,190
16,16,1377,583,65,178
16,17,761,482,45,106
16,18,777,459,50,118
16,19,790,501,49,134
16,20,810,483,50,134
16,21,834,463,54,122
16,22,894,464,58,136
16,23,886,483,53,124
16,24,810,538,67,170
16,25,1199,595,57,169
16,26,880,542,61,162
16,27,925,553,61,151
16,28,956,533,66,145
16,29,1020,534,61,136
16,30,1017,529,55,129
16,31,957,580,84,163
16,32,1018,614,54,116
16,33,1021,581,73,190
16,34,982,623,74,203
16,35,1087,524,55,149
16,36,1102,556,76,184
16,37,1089,613,73,163
16,75,1319,504,45,71
16,77,1232,458,54,97
16,78,1248,446,65,108
16,79,541,399,100,284
16,80,456,445,112,305
16,81,624,374,82,257
16,82,684,361,66,232
16,83,1263,509,160,310
16,84,1435,524,60,95
16,85,1055,451,46,119
16,86,1863,711,56,368
16,87,1430,578,160,71
16,88,1305,390,221,61
17,1,244,798,140,268
17,2,387,801,124,267
17,3,434,781,104,259
17,4,1703,829,100,250
17,5,668,716,97,221
17,6,760,720,93,206
17,7,1522,671,116,242
17,8,1597,668,76,221
17,9,1239,603,58,182
17,10,1511,524,52,100
17,11,1344,484,58,82
17,12,1485,654,78,211
17,13,1459,611,81,178
17,14,1181,624,66,193
17,15,1055,629,80,190
17,16,1377,583,65,178
17,17,762,482,45,106
17,18,778,459,50,118
17,19,791,501,49,134
17,20,809,485,50,134
17,21,835,465,54,122
17,22,895,464,58,136
17,23,886,484,53,124
17,24,810,539,67,170
17,25,1200,597,57,169
17,26,881,543,61,162
17,27,926,554,61,151
17,28,956,535,66,145
17,29,1020,536,61,136
17,30,1017,530,55,129
17,31,959,581,84,163
17,32,1020,616,54,116
17,33,1023,582,73,190
17,34,983,625,74,203
17,35,1088,525,55,149
17,36,1104,556,76,184
17,37,1090,613,73,163
17,75,1319,504,45,71
17,77,1234,459,54,97
17,78,1250,446,65,108
17,79,540,400,100,284
17,80,456,447,112,305
17,81,623,374,82,257
17,82,683,361,66,232
17,83,1263,510,160,310
17,84,1436,525,60,95
17,85,1055,453,46,119
17,86,1862,711,56,368
17,87,1431,579,160,71
17,88,1305,391,221,61
18,1,244,799,140,268
18,2,392,801,124,267
18,3,437,779,104,259
18,4,1710,829,100,250
18,5,666,717,97,221
18,6,760,720,93,206
18,7,1518,670,116,242
18,8,1592,669,76,221
18,9,1240,602,58,182
18,10,1511,523,52,100
18,11,1343,484,58,82
18,12,1485,649,78,211
18,13,1461,612,81,178
18,14,1180,622,66,193
18,15,1058,629,80,190
18,16,1377,582,65,178
18,17,763,482,45,106
18,18,780,460,50,118
18,19,792,503,49,134
18,20,810,486,50,134
18,21,836,464,54,122
18,22,896,465,58,136
18,23,887,484,53,124
18,24,810,540,67,170
18,25,1202,595,57,169
18,26,882,542,61,162
18,27,927,554,61,151
18,28,957,537,66,145
18,29,1022,536,61,136
18,30,1019,531,55,129
18,31,960,582,84,163
18,32,1022,617,54,116
18,33,1024,583,73,190
18,34,986,624,74,203
18,35,1090,525,55,149
18,36,1106,556,76,184
18,37,1091,612,73,163
18,75,1319,504,45,71
18,77,1234,459,54,97
18,78,1252,447,65,108
18,79,540,401,100,284
18,80,457,447,112,305
18,81,624,375,82,257
18,82,684,361,66,232
18,83,1263,511,160,310
18,84,1436,524,60,95
18,85,1056,453,46,119
18,86,1863,711,56,368
18,87,1431,579,160,71
18,88,1306,391,221,61
19,1,246,800,140,268
19,2,397,798,124,267
19,3,440,779,104,259
19,4,1714,829,100,250
19,5,669,721,97,221
19,6,760,722,93,206
19,7,1512,671,116,242
19,8,1587,671,76,221
19,9,1242,603,58,182
19,10,1512,526,52,100
19,11,1345,485,58,82
19,12,1482,653,78,211
19,13,1465,611,81,178
19,14,1185,630,66,193
19,15,1060,632,80,190
19,16,1378,584,65,178
19,17,765,482,45,106
19,18,782,461,50,118
19,19,793,504,49,134
19,20,811,488,50,134
19,21,837,465,54,122
19,22,897,466,58,136
19,23,889,485,53,124
19,24,812,541,67,170
19,25,1205,597,57,169
19,26,883,544,61,162
19,27,929,556,61,151
19,28,959,539,66,145
19,29,1023,538,61,136
19,30,1021,532,55,129
19,31,963,583,84,163
19,32,1026,619,54,116
19,33,1026,585,73,190
19,34,989,627,74,203
19,35,1091,527,55,149
19,36,1108,558,76,184
19,37,1094,613,73,163
19,75,1321,506,45,71
19,77,1236,460,54,97
19,78,1254,448,65,108
19,79,541,401,100,284
19,80,457,448,112,305
19,81,625,375,82,257
19,82,685,361,66,232
19,83,1265,512,160,310
19,84,1438,525,60,95
19,85,1057,455,46,119
19,86,1863,711,56,368
19,87,1430,581,160,71
19,88,1306,392,221,61
20,1,249,800,140,268
20,2,398,797,124,267
20,3,442,777,104,259
20,4,1721,829,100,250
20,5,669,720,97,221
20,6,760,724,93,206
20,7,1512,674,116,242
20,8,1587,669,76,221
20,9,1243,604,58,182
20,10,1512,526,52,100
20,11,1345,486,58,82
20,12,1483,647,78,211
20,13,1468,614,81,178
20,14,1183,646,66,193
20,15,1064,635,80,190
20,16,1378,585,65,178
20,17,766,482,45,106
20,18,784,462,50,118
20,19,793,505,49,134
20,20,812,489,50,134
20,21,838,465,54,122
20,22,899,467,58,136
20,23,889,485,53,124
20,24,812,542,67,170
20,25,1205,598,57,169
20,26,884,545,61,162
20,27,930,558,61,151
20,28,960,541,66,145
20,29,1025,540,61,136
20,30,1022,533,55,129
20,31,965,583,84,163
20,32,1028,621,54,116
20,33,1028,586,73,190
20,34,992,628,74,203
20,35,1092,529,55,149
20,36,1112,558,76,184
20,37,1096,614,73,163
20,75,1320,506,45,71
20,77,1237,459,54,97
20,78,1256,449,65,108
20,79,541,401,100,284
20,80,458,448,112,305
20,81,625,375,82,257
20,82,685,362,66,232
20,83,1265,512,160,310
20,84,1438,525,60,95
20,85,1057,455,46,119
20,86,1863,711,56,368
20,87,1431,580,160,71
20,88,1307,392,221,61
21,1,252,798,140,268
21,2,398,798,124,267
21,3,443,776,104,259
21,4,1727,829,100,250
21,5,667,722,97,221
21,6,758,728,93,206
21,7,1508,674,116,242
21,8,1576,670,76,221
21,9,1243,604,58,182
21,10,1512,528,52,100
21,11,1345,486,58,82
21,12,1483,645,78,211
21,13,1470,614,81,178
21,14,1183,646,66,193
21,15,1065,638,80,190
21,16,1378,585,65,178
21,17,767,482,45,106
21,18,782,464,50,118
21,19,793,506,49,134
21,20,812,491,50,134
21,21,839,467,54,122
21,22,899,468,58,136
21,23,889,487,53,124
21,24,812,543,67,170
21,25,1205,599,57,169
21,26,884,547,61,162
21,27,930,561,61,151
21,28,959,543,66,145
21,29,1025,543,61,136
21,30,1021,535,55,129
21,31,965,583,84,163
21,32,1030,623,54,116
21,33,1030,588,73,190
21,34,994,628,74,203
21,35,1092,529,55,149
21,36,1113,560,76,184
21,37,1098,616,73,163
21,75,1320,507,45,71
21,77,1237,459,54,97
21,78,1257,450,65,108
21,79,541,403,100,284
21,80,457,449,112,305
21,81,625,377,82,257
21,82,687,363,66,232
21,83,1265,514,160,310
21,84,1438,527,60,95
21,85,1057,457,46,119
21,86,1863,711,56,368
21,87,1433,581,160,71
21,88,1307,393,221,61
22,1,255,801,140,268
22,2,400,798,124,267
22,3,445,777,104,259
22,4,1733,829,100,250
22,5,667,723,97,221
22,6,757,731,93,206
22,7,1507,680,116,242
22,8,1571,679,76,221
22,9,1244,606,58,182
22,10,1512,531,52,100
22,11,1345,488,58,82
22,12,1483,652,78,211
22,13,1471,616,81,178
22,14,1185,646,66,193
22,15,1068,640,80,190
22,16,1378,587,65,178
22,17,768,484,45,106
22,18,782,466,50,118
22,19,793,510,49,134
22,20,813,495,50,134
22,21,841,469,54,122
22,22,899,470,58,136
22,23,890,489,53,124
22,24,812,546,67,170
22,25,1206,603,57,169
22,26,884,548,61,162
22,27,930,563,61,151
22,28,960,545,66,145
22,29,1026,545,61,136
22,30,1022,537,55,129
22,31,967,585,84,163
22,32,1032,624,54,116
22,33,1031,592,73,190
22,34,996,628,74,203
22,35,1093,533,55,149
22,36,1114,563,76,184
22,37,1100,619,73,163
22,75,1320,509,45,71
22,77,1237,461,54,97
22,78,1258,452,65,108
22,79,541,404,100,284
22,80,458,451,112,305
22,81,624,379,82,257
22,82,685,366,66,232
22,83,1265,516,160,310
22,84,1438,529,60,95
22,85,1056,460,46,119
22,86,1863,711,56,368
22,87,1434,584,160,71
22,88,1307,395,221,61
23,1,256,801,140,268
23,2,401,799,124,267
23,3,446,779,104,259
23,4,1736,829,100,250
23,5,667,726,97,221
23,6,757,735,93,206
23,7,1505,682,116,242
23,8,1569,676,76,221
23,9,1245,609,58,182
23,10,1513,533,52,100
23,11,1345,490,58,82
23,12,1484,646,78,211
23,13,1474,617,81,178
23,14,1187,649,66,193
23,15,1071,642,80,190
23,16,1378,590,65,178
23,17,769,487,45,106
23,18,783,469,50,118
23,19,794,513,49,134
23,20,815,497,50,134
23,21,842,473,54,122
23,22,899,474,58,136
23,23,892,494,53,124
23,24,813,553,67,170
23,25,1204,603,57,169
23,26,885,551,61,162
23,27,931,566,61,151
23,28,961,548,66,145
23,29,1027,548,61,136
23,30,1023,539,55,129
23,31,969,588,84,163
23,32,1035,626,54,116
23,33,1033,594,73,190
23,34,997,630,74,203
23,35,1094,537,55,149
23,36,1115,566,76,184
23,37,1103,624,73,163
23,75,1320,512,45,71
23,77,1236,462,54,97
23,78,1264,454,65,108
23,79,541,407,100,284
23,80,458,453,112,305
23,81,625,381,82,257
23,82,686,367,66,232
23,83,1265,519,160,310
23,84,1439,531,60,95
23,85,1056,460,46,119
23,86,1863,711,56,368
23,87,1436,585,160,71
23,88,1307,397,221,61
24,1,259,802,140,268
24,2,403,801,124,267
24,3,447,781,104,259
24,4,1748,829,100,250
24,5,666,729,97,221
24,6,755,738,93,206
24,7,1502,683,116,242
24,8,1565,679,76,221
24,9,1247,613,58,182
24,10,1512,536,52,100
24,11,1344,493,58,82
24,12,1484,653,78,211
24,13,1476,620,81,178
24,14,1187,652,66,193
24,15,1073,645,80,190
24,16,1376,593,65,178
24,17,769,490,45,106
24,18,783,472,50,118
24,19,793,516,49,134
24,20,815,499,50,134
24,21,843,476,54,122
24,22,899,476,58,136
24,23,891,496,53,124
24,24,813,555,67,170
24,25,1204,605,57,169
24,26,885,553,61,162
24,27,931,568,61,151
24,28,961,550,66,145
24,29,1028,551,61,136
24,30,1021,540,55,129
24,31,970,589,84,163
24,32,1036,627,54,116
24,33,1033,596,73,190
24,34,999,633,74,203
24,35,1094,539,55,149
24,36,1117,570,76,184
24,37,1105,627,73,163
24,75,1320,514,45,71
24,77,1236,464,54,97
24,78,1265,456,65,108
24,79,541,409,100,284
24,80,457,455,112,305
24,81,625,382,82,257
24,82,686,370,66,232
24,83,1263,522,160,310
24,84,1438,533,60,95
24,85,1056,462,46,119
24,86,1863,711,56,368
24,87,1434,588,160,71
24,88,1307,400,221,61
25,1,261,799,140,268
25,2,404,801,124,267
25,3,447,782,104,259
25,4,1751,829,100,250
25,5,664,734,97,221
25,6,754,739,93,206
25,7,1502,687,116,242
25,8,1569,678,76,221
25,9,1245,615,58,182
25,10,1512,538,52,100
25,11,1345,494,58,82
25,12,1479,655,78,211
25,13,1478,622,81,178
25,14,1184,636,66,193
25,15,1077,646,80,190
25,16,1374,596,65,178
25,17,769,492,45,106
25,18,782,474,50,118
25,19,792,517,49,134
25,20,814,501,50,134
25,21,845,478,54,122
25,22,900,478,58,136
25,23,892,499,53,124
25,24,813,558,67,170
25,25,1203,606,57,169
25,26,884,555,61,162
25,27,933,571,61,151
25,28,962,552,66,145
25,29,1029,552,61,136
25,30,1022,542,55,129
25,31,971,590,84,163
25,32,1038,628,54,116
25,33,1037,596,73,190
25,34,1001,633,74,203
25,35,1094,541,55,149
25,36,1120,572,76,184
25,37,1108,631,73,163
25,75,1321,516,45,71
25,77,1237,465,54,97
25,78,1266,458,65,108
25,79,541,409,100,284
25,80,458,455,112,305
25,81,625,384,82,257
25,82,686,369,66,232
25,83,1263,523,160,310
25,84,1438,536,60,95
25,85,1056,462,46,119
25,86,1863,711,56,368
25,87,1435,590,160,71
25,88,1307,401,221,61
26,1,264,798,140,268
26,2,406,802,124,267
26,3,449,783,104,259
26,4,1752,829,100,250
26,5,664,739,97,221
26,6,753,741,93,206
26,7,1499,687,116,242
26,8,1565,679,76,221
26,9,1247,616,58,182
26,10,1513,539,52,100
26,11,1345,496,58,82
26,12,1483,660,78,211
26,13,1479,624,81,178
26,14,1189,653,66,193
26,15,1082,646,80,190
26,16,1373,598,65,178
26,17,768,495,45,106
26,18,781,475,50,118
26,19,792,519,49,134
26,20,815,503,50,134
26,21,846,479,54,122
26,22,901,481,58,136
26,23,892,501,53,124
26,24,814,559,67,170
26,25,1203,607,57,169
26,26,885,556,61,162
26,27,934,574,61,151
26,28,963,554,66,145
26,29,1031,555,61,136
26,30,1023,545,55,129
26,31,971,593,84,163
26,32,1040,632,54,116
26,33,1041,598,73,190
26,34,1002,636,74,203
26,35,1095,543,55,149
26,36,1121,574,76,184
26,37,1111,635,73,163
26,75,1320,516,45,71
26,77,1237,467,54,97
26,78,1269,458,65,108
26,79,541,411,100,284
26,80,457,457,112,305
26,81,625,385,82,257
26,82,686,371,66,232
26,83,1264,524,160,310
26,84,1438,536,60,95
26,85,1056,464,46,119
26,86,1863,711,56,368
26,87,1435,592,160,71
26,88,1307,402,221,61
27,1,266,797,140,268
27,2,408,802,124,267
27,3,449,783,104,259
27,4,1758,829,100,250
27,5,664,741,97,221
27,6,753,743,93,206
27,7,1497,689,116,242
27,8,1564,672,76,221
27,9,1250,619,58,182
27,10,1514,540,52,100
27,11,1347,496,58,82
27,12,1481,661,78,211
27,13,1481,626,81,178
27,14,1184,640,66,193
27,15,1086,646,80,190
27,16,1373,599,65,178
27,17,769,497,45,106
27,18,782,474,50,118
27,19,792,520,49,134
27,20,817,504,50,134
27,21,849,481,54,122
27,22,903,483,58,136
27,23,893,503,53,124
27,24,816,559,67,170
27,25,1204,609,57,169
27,26,886,557,61,162
27,27,937,572,61,151
27,28,964,555,66,145
27,29,1034,556,61,136
27,30,1025,546,55,129
27,31,976,596,84,163
27,32,1044,634,54,116
27,33,1044,599,73,190
27,34,1005,639,74,203
27,35,1097,545,55,149
27,36,1123,575,76,184
27,37,1114,636,73,163
27,75,1321,518,45,71
27,77,1239,469,54,97
27,78,1272,459,65,108
27,79,542,412,100,284
27,80,458,458,112,305
27,81,625,384,82,257
27,82,687,373,66,232
27,83,1265,525,160,310
27,84,1438,538,60,95
27,85,1058,465,46,119
27,86,1863,711,56,368
27,87,1436,592,160,71
27,88,1309,404,221,61
28,1,270,796,140,268
28,2,412,802,124,267
28,3,453,782,104,259
28,4,1767,829,100,250
28,5,665,743,97,221
28,6,755,745,93,206
28,7,1499,696,116,242
28,8,1564,673,76,221
28,9,1254,620,58,182
28,10,1515,541,52,100
28,11,1348,498,58,82
28,12,1482,661,78,211
28,13,1484,628,81,178
28,14,1188,646,66,193
28,15,1089,644,80,190
28,16,1374,601,65,178
28,17,771,500,45,106
28,18,784,475,50,118
28,19,794,521,49,134
28,20,819,504,50,134
28,21,851,481,54,122
28,22,905,483,58,136
28,23,896,504,53,124
28,24,818,560,67,170
28,25,1205,610,57,169
28,26,888,558,61,162
28,27,939,574,61,151
28,28,966,555,66,145
28,29,1037,559,61,136
28,30,1028,549,55,129
28,31,981,600,84,163
28,32,1048,638,54,116
28,33,1047,602,73,190
28,34,1008,644,74,203
28,35,1098,545,55,149
28,36,1125,575,76,184
28,37,1116,636,73,163
28,75,1322,518,45,71
28,77,1241,471,54,97
28,78,1275,461,65,108
28,79,544,413,100,284
28,80,460,460,112,305
28,81,627,386,82,257
28,82,688,373,66,232
28,83,1267,526,160,310
28,84,1440,538,60,95
28,85,1058,465,46,119
28,86,1863,711,56,368
28,87,1437,593,160,71
28,88,1309,405,221,61
29,1,271,797,140,268
29,2,411,802,124,267
29,3,454,783,104,259
29,4,1773,829,100,250
29,5,664,746,97,221
29,6,755,748,93,206
29,7,1494,697,116,242
29,8,1562,675,76,221
29,9,1257,623,58,182
29,10,1515,543,52,100
29,11,1348,500,58,82
29,12,1475,664,78,211
29,13,1484,633,81,178
29,14,1187,638,66,193
29,15,1092,651,80,190
29,16,1373,605,65,178
29,17,771,501,45,106
29,18,784,477,50,118
29,19,795,523,49,134
29,20,820,506,50,134
29,21,852,483,54,122
29,22,906,486,58,136
29,23,895,503,53,124
29,24,819,562,67,170
29,25,1206,611,57,169
29,26,888,560,61,162
29,27,939,575,61,151
29,28,966,557,66,145
29,29,1039,563,61,136
29,30,1030,553,55,129
29,31,984,605,84,163
29,32,1051,640,54,116
29,33,1049,604,73,190
29,34,1010,648,74,203
29,35,1098,547,55,149
29,36,1127,578,76,184
29,37,1119,640,73,163
29,75,1322,520,45,71
29,77,1242,472,54,97
29,78,1278,463,65,108
29,79,544,415,100,284
29,80,460,461,112,305
29,81,627,390,82,257
29,82,688,375,66,232
29,83,1267,528,160,310
29,84,1440,540,60,95
29,85,1059,466,46,119
29,86,1863,711,56,368
29,87,1438,594,160,71
29,88,1310,407,221,61
30,1,276,798,140,268
30,2,412,801,124,267
30,3,457,782,104,259
30,4,1778,829,100,250
30,5,664,748,97,221
30,6,754,750,93,206
30,7,1495,702,116,242
30,8,1560,677,76,221
30,9,1261,626,58,182
30,10,1516,545,52,100
30,11,1349,501,58,82
30,12,1465,656,78,211
30,13,1486,632,81,178
30,14,1187,641,66,193
30,15,1094,652,80,190
30,16,1371,608,65,178
30,17,772,503,45,106
30,18,785,478,50,118
30,19,794,525,49,134
30,20,821,508,50,134
30,21,854,486,54,122
30,22,905,487,58,136
30,23,896,506,53,124
30,24,821,562,67,170
30,25,1206,612,57,169
30,26,888,561,61,162
30,27,940,576,61,151
30,28,967,559,66,145
30,29,1040,566,61,136
30,30,1031,557,55,129
30,31,986,607,84,163
30,32,1055,642,54,116
30,33,1051,605,73,190
30,34,1013,653,74,203
30,35,1100,548,55,149
30,36,1129,580,76,184
30,37,1121,642,73,163
30,75,1322,522,45,71
30,77,1243,474,54,97
30,78,1279,464,65,108
30,79,544,417,100,284
30,80,461,463,112,305
30,81,627,390,82,257
30,82,688,376,66,232
30,83,1267,530,160,310
30,84,1441,542,60,95
30,85,1059,468,46,119
30,86,1863,711,56,368
30,87,1440,597,160,71
30,88,1310,408,221,61
31,1,279,799,140,268
31,2,414,802,124,267
31,3,459,782,104,259
31,4,1784,829,100,250
31,5,665,750,97,221
31,6,755,753,93,206
31,7,1491,702,116,242
31,8,1557,678,76,221
31,9,1262,627,58,182
31,10,1517,546,52,100
31,11,1349,503,58,82
31,12,1467,658,78,211
31,13,1489,632,81,178
31,14,1185,640,66,193
31,15,1097,650,80,190
31,16,1371,611,65,178
31,17,771,503,45,106
31,18,785,481,50,118
31,19,793,526,49,134
31,20,823,510,50,134
31,21,855,488,54,122
31,22,906,488,58,136
31,23,897,508,53,124
31,24,820,565,67,170
31,25,1205,613,57,169
31,26,889,563,61,162
31,27,940,578,61,151
31,28,967,562,66,145
31,29,1043,568,61,136
31,30,1030,558,55,129
31,31,989,610,84,163
31,32,1058,644,54,116
31,33,1051,607,73,190
31,34,1014,656,74,203
31,35,1101,550,55,149
31,36,1132,582,76,184
31,37,1125,644,73,163
31,75,1324,524,45,71
31,77,1245,476,54,97
31,78,1282,465,65,108
31,79,545,417,100,284
31,80,461,464,112,305
31,81,628,392,82,257
31,82,690,377,66,232
31,83,1268,532,160,310
31,84,1442,543,60,95
31,85,1060,470,46,119
31,86,1863,711,56,368
31,87,1442,598,160,71
31,88,1311,409,221,61
32,1,278,800,140,268
32,2,414,803,124,267
32,3,461,781,104,259
32,4,1790,829,100,250
32,5,663,754,97,221
32,6,754,758,93,206
32,7,1489,710,116,242
32,8,1550,680,76,221
32,9,1265,633,58,182
32,10,1516,548,52,100
32,11,1349,505,58,82
32,12,1465,660,78,211
32,13,1494,634,81,178
32,14,1186,645,66,193
32,15,1099,653,80,190
32,16,1371,615,65,178
32,17,774,504,45,106
32,18,787,485,50,118
32,19,795,530,49,134
32,20,825,514,50,134
32,21,857,491,54,122
32,22,907,491,58,136
32,23,898,510,53,124
32,24,822,569,67,170
32,25,1206,614,57,169
32,26,889,566,61,162
32,27,942,581,61,151
32,28,968,567,66,145
32,29,1045,573,61,136
32,30,1034,561,55,129
32,31,993,614,84,163
32,32,1062,648,54,116
32,33,1055,611,73,190
32,34,1019,659,74,203
32,35,1101,553,55,149
32,36,1133,585,76,184
32,37,1129,647,73,163
32,75,1324,526,45,71
32,77,1246,478,54,97
32,78,1283,468,65,108
32,79,545,421,100,284
32,80,462,467,112,305
32,81,628,395,82,257
32,82,690,381,66,232
32,83,1269,535,160,310
32,84,1442,545,60,95
32,85,1059,472,46,119
32,86,1863,711,56,368
32,87,1444,599,160,71
32,88,1311,412,221,61
33,1,282,802,140,268
33,2,414,801,124,267
33,3,462,782,104,259
33,4,1795,829,100,250
33,5,662,756,97,221
33,6,754,761,93,206
33,7,1470,697,116,242
33,8,1539,680,76,221
33,9,1267,636,58,182
33,10,1516,550,52,100
33,11,1349,507,58,82
33,12,1462,665,78,211
33,13,1491,637,81,178
33,14,1187,643,66,193
33,15,1101,655,80,190
33,16,1368,617,65,178
33,17,775,506,45,106
33,18,787,487,50,118
33,19,795,533,49,134
33,20,826,517,50,134
33,21,857,494,54,122
33,22,906,492,58,136
33,23,898,513,53,124
33,24,823,571,67,170
33,25,1207,617,57,169
33,26,890,569,61,162
33,27,942,584,61,151
33,28,969,569,66,145
33,29,1045,576,61,136
33,30,1035,563,55,129
33,31,995,615,84,163
33,32,1065,649,54,116
33,33,1056,612,73,190
33,34,1025,660,74,203
33,35,1101,555,55,149
33,36,1136,584,76,184
33,37,1131,650,73,163
33,75,1324,528,45,71
33,77,1247,479,54,97
33,78,1284,470,65,108
33,79,545,423,100,284
33,80,463,467,112,305
33,81,629,397,82,257
33,82,690,382,66,232
33,83,1269,537,160,310
33,84,1441,547,60,95
33,85,1058,472,46,119
33,86,1863,711,56,368
33,87,1444,601,160,71
33,88,1311,414,221,61
34,1,286,801,140,268
34,2,418,801,124,267
34,3,465,780,104,259
34,4,1800,829,100,250
34,5,663,758,97,221
34,6,754,764,93,206
34,7,1469,703,116,242
34,8,1540,689,76,221
34,9,1272,640,58,182
34,10,1517,549,52,100
34,11,1351,507,58,82
34,12,1448,660,78,211
34,13,1498,637,81,178
34,14,1188,645,66,193
34,15,1102,659,80,190
34,16,1370,614,65,178
34,17,775,508,45,106
34,18,787,490,50,118
34,19,797,535,49,134
34,20,828,519,50,134
34,21,859,495,54,122
34,22,908,492,58,136
34,23,899,513,53,124
34,24,825,575,67,170
34,25,1206,617,57,169
34,26,890,571,61,162
34,27,943,585,61,151
34,28,970,570,66,145
34,29,1046,577,61,136
34,30,1037,564,55,129
34,31,998,616,84,163
34,32,1069,652,54,116
34,33,1057,613,73,190
34,34,1028,660,74,203
34,35,1103,556,55,149
34,36,1138,589,76,184
34,37,1132,649,73,163
34,75,1325,528,45,71
34,77,1249,477,54,97
34,78,1287,469,65,108
34,79,547,423,100,284
34,80,463,469,112,305
34,81,630,397,82,257
34,82,691,383,66,232
34,83,1269,537,160,310
34,84,1442,546,60,95
34,85,1060,471,46,119
34,86,1863,711,56,368
34,87,1446,601,160,71
34,88,1311,414,221,61
35,1,286,802,140,268
35,2,419,803,124,267
35,3,467,781,104,259
35,4,1802,829,100,250
35,5,662,761,97,221
35,6,754,767,93,206
35,7,1467,704,116,242
35,8,1532,688,76,221
35,9,1273,642,58,182
35,10,1516,551,52,100
35,11,1350,509,58,82
35,12,1452,659,78,211
35,13,1497,638,81,178
35,14,1188,645,66,193
35,15,1104,661,80,190
35,16,1360,615,65,178
35,17,776,510,45,106
35,18,787,492,50,118
35,19,798,538,49,134
35,20,828,522,50,134
35,21,860,498,54,122
35,22,908,494,58,136
35,23,899,514,53,124
35,24,825,579,67,170
35,25,1207,621,57,169
35,26,890,573,61,162
35,27,943,587,61,151
35,28,972,573,66,145
35,29,1047,579,61,136
35,30,1038,566,55,129
35,31,1000,618,84,163
35,32,1071,653,54,116
35,33,1060,615,73,190
35,34,1031,662,74,203
35,35,1104,559,55,149
35,36,1139,593,76,184
35,37,1134,654,73,163
35,75,1325,530,45,71
35,77,1249,479,54,97
35,78,1287,471,65,108
35,79,547,425,100,284
35,80,463,471,112,305
35,81,630,398,82,257
35,82,691,384,66,232
35,83,1269,538,160,310
35,84,1442,548,60,95
35,85,1060,474,46,119
35,86,1863,711,56,368
35,87,1446,602,160,71
35,88,1311,416,221,61
36,1,291,805,140,268
36,2,422,804,124,267
36,3,469,782,104,259
36,4,1810,829,100,250
36,5,662,762,97,221
36,6,754,769,93,206
36,7,1466,702,116,242
36,8,1529,691,76,221
36,9,1277,643,58,182
36,10,1516,552,52,100
36,11,1351,510,58,82
36,12,1452,661,78,211
36,13,1499,638,81,178
36,14,1187,647,66,193
36,15,1108,662,80,190
36,16,1358,615,65,178
36,17,776,510,45,106
36,18,788,494,50,118
36,19,799,540,49,134
36,20,830,524,50,134
36,21,862,500,54,122
36,22,909,495,58,136
36,23,899,516,53,124
36,24,827,581,67,170
36,25,1208,621,57,169
36,26,891,575,61,162
36,27,944,588,61,151
36,28,974,573,66,145
36,29,1048,582,61,136
36,30,1039,567,55,129
36,31,1006,617,84,163
36,32,1074,653,54,116
36,33,1062,615,73,190
36,34,1035,662,74,203
36,35,1105,561,55,149
36,36,1142,596,76,184
36,37,1137,656,73,163
36,75,1325,530,45,71
36,77,1253,479,54,97
36,78,1289,472,65,108
36,79,547,426,100,284
36,80,463,472,112,305
36,81,631,400,82,257
36,82,692,385,66,232
36,83,1271,538,160,310
36,84,1443,548,60,95
36,85,1061,476,46,119
36,86,1863,711,56,368
36,87,1447,603,160,71
36,88,1312,417,221,61
37,1,295,803,140,268
37,2,424,805,124,267
37,3,470,783,104,259
37,4,1812,829,100,250
37,5,662,763,97,221
37,6,755,771,93,206
37,7,1488,702,116,242
37,8,1512,693,76,221
37,9,1280,644,58,182
37,10,1518,552,52,100
37,11,1352,510,58,82
37,12,1454,648,78,211
37,13,1502,639,81,178
37,14,1190,651,66,193
37,15,1112,661,80,190
37,16,1363,618,65,178
37,17,779,511,45,106
37,18,790,494,50,118
37,19,801,541,49,134
37,20,831,526,50,134
37,21,863,502,54,122
37,22,911,496,58,136
37,23,900,517,53,124
37,24,828,582,67,170
37,25,1209,623,57,169
37,26,892,578,61,162
37,27,945,589,61,151
37,28,975,575,66,145
37,29,1050,583,61,136
37,30,1041,568,55,129
37,31,1009,619,84,163
37,32,1078,653,54,116
37,33,1065,616,73,190
37,34,1039,662,74,203
37,35,1107,563,55,149
37,36,1146,591,76,184
37,37,1141,656,73,163
37,75,1327,530,45,71
37,77,1255,480,54,97
37,78,1291,471,65,108
37,79,547,427,100,284
37,80,465,473,112,305
37,81,632,400,82,257
37,82,693,387,66,232
37,83,1271,539,160,310
37,84,1444,549,60,95
37,85,1061,477,46,119
37,86,1863,711,56,368
37,87,1449,603,160,71
37,88,1313,417,221,61
38,1,297,801,140,268
38,2,426,806,124,267
38,3,471,784,104,259
38,4,1811,829,100,250
38,5,662,764,97,221
38,6,754,772,93,206
38,7,1472,704,116,242
38,8,1515,693,76,221
38,9,1286,643,58,182
38,10,1517,555,52,100
38,11,1352,512,58,82
38,12,1445,663,78,211
38,13,1505,641,81,178
38,14,1189,651,66,193
38,15,1114,663,80,190
38,16,1360,617,65,178
38,17,779,514,45,106
38,18,790,496,50,118
38,19,802,542,49,134
38,20,831,528,50,134
38,21,864,505,54,122
38,22,911,499,58,136
38,23,900,519,53,124
38,24,828,583,67,170
38,25,1210,624,57,169
38,26,891,582,61,162
38,27,945,590,61,151
38,28,975,577,66,145
38,29,1050,586,61,136
38,30,1042,570,55,129
38,31,1010,622,84,163
38,32,1079,655,54,116
38,33,1066,619,73,190
38,34,1041,664,74,203
38,35,1107,565,55,149
38,36,1148,594,76,184
38,37,1143,657,73,163
38,75,1327,532,45,71
38,77,1255,480,54,97
38,78,1292,473,65,108
38,79,548,429,100,284
38,80,465,474,112,305
38,81,631,403,82,257
38,82,693,388,66,232
38,83,1271,540,160,310
38,84,1444,551,60,95
38,85,1061,479,46,119
38,86,1863,711,56,368
38,87,1449,605,160,71
38,88,1313,419,221,61
39,1,302,801,140,268
39,2,429,806,124,267
39,3,475,785,104,259
39,4,1815,829,100,250
39,5,662,767,97,221
39,6,755,773,93,206
39,7,1470,704,116,242
39,8,1505,688,76,221
39,9,1291,647,58,182
39,10,1519,555,52,100
39,11,1354,512,58,82
39,12,1445,659,78,211
39,13,1507,641,81,178
39,14,1191,651,66,193
39,15,1120,662,80,190
39,16,1360,617,65,178
39,17,781,512,45,106
39,18,791,497,50,118
39,19,804,542,49,134
39,20,833,528,50,134
39,21,866,505,54,122
39,22,913,499,58,136
39,23,902,520,53,124
39,24,830,584,67,170
39,25,1211,624,57,169
39,26,891,584,61,162
39,27,947,592,61,151
39,28,977,577,66,145
39,29,1052,585,61,136
39,30,1044,571,55,129
39,31,1013,623,84,163
39,32,1083,655,54,116
39,33,1070,620,73,190
39,34,1047,664,74,203
39,35,1110,565,55,149
39,36,1151,594,76,184
39,37,1148,659,73,163
39,75,1328,532,45,71
39,77,1256,482,54,97
39,78,1293,473,65,108
39,79,549,429,100,284
39,80,467,474,112,305
39,81,633,402,82,257
39,82,694,388,66,232
39,83,1273,540,160,310
39,84,1446,551,60,95
39,85,1062,479,46,119
39,86,1863,711,56,368
39,87,1451,605,160,71
39,88,1315,419,221,61
40,1,305,801,140,268
40,2,432,808,124,267
40,3,477,786,104,259
40,4,1815,829,100,250
40,5,662,768,97,221
40,6,754,773,93,206
40,7,1469,704,116,242
40,8,1502,690,76,221
40,9,1293,646,58,182
40,10,1518,555,52,100
40,11,1353,513,58,82
40,12,1440,661,78,211
40,13,1509,643,81,178
40,14,1194,655,66,193
40,15,1121,663,80,190
40,16,1356,616,65,178
40,17,779,514,45,106
40,18,791,498,50,118
40,19,804,542,49,134
40,20,835,528,50,134
40,21,867,505,54,122
40,22,915,500,58,136
40,23,904,520,53,124
40,24,831,585,67,170
40,25,1211,626,57,169
40,26,892,586,61,162
40,27,948,593,61,151
40,28,978,577,66,145
40,29,1052,586,61,136
40,30,1045,570,55,129
40,31,1015,626,84,163
40,32,1085,657,54,116
40,33,1072,622,73,190
40,34,1050,666,74,203
40,35,1113,566,55,149
40,36,1155,597,76,184
40,37,1152,660,73,163
40,75,1328,533,45,71
40,77,1259,483,54,97
40,78,1294,474,65,108
40,79,549,429,100,284
40,80,465,476,112,305
40,81,632,404,82,257
40,82,694,388,66,232
40,83,1274,542,160,310
40,84,1445,551,60,95
40,85,1062,479,46,119
40,86,1863,711,56,368
40,87,1450,607,160,71
40,88,1315,420,221,61
41,1,306,801,140,268
41,2,435,809,124,267
41,3,481,786,104,259
41,4,1819,829,100,250
41,5,663,771,97,221
41,6,755,775,93,206
41,7,1470,708,116,242
41,8,1508,693,76,221
41,9,1298,647,58,182
41,10,1520,556,52,100
41,11,1354,514,58,82
41,12,1438,662,78,211
41,13,1512,646,81,178
41,14,1194,655,66,193
41,15,1125,665,80,190
41,16,1357,614,65,178
41,17,780,515,45,106
41,18,792,498,50,118
41,19,806,543,49,134
41,20,836,529,50,134
41,21,869,506,54,122
41,22,916,502,58,136
41,23,906,521,53,124
41,24,833,586,67,170
41,25,1213,627,57,169
41,26,893,588,61,162
41,27,950,595,61,151
41,28,980,580,66,145
41,29,1054,587,61,136
41,30,1047,572,55,129
41,31,1027,627,84,163
41,32,1090,660,54,116
41,33,1074,626,73,190
41,34,1054,669,74,203
41,35,1112,567,55,149
41,36,1161,597,76,184
41,37,1157,662,73,163
41,75,1329,534,45,71
41,77,1260,484,54,97
41,78,1297,474,65,108
41,79,550,431,100,284
41,80,467,476,112,305
41,81,633,404,82,257
41,82,696,389,66,232
41,83,1275,542,160,310
41,84,1447,553,60,95
41,85,1063,481,46,119
41,86,1863,711,56,368
41,87,1452,608,160,71
41,88,1316,421,221,61
42,1,309,802,140,268
42,2,437,808,124,267
42,3,485,787,104,259
42,4,1818,829,100,250
42,5,663,775,97,221
42,6,754,778,93,206
42,7,1469,704,116,242
42,8,1510,692,76,221
42,9,1300,647,58,182
42,10,1521,558,52,100
42,11,1356,515,58,82
42,12,1437,661,78,211
42,13,1513,647,81,178
42,14,1196,657,66,193
42,15,1128,667,80,190
42,16,1355,618,65,178
42,17,781,517,45,106
42,18,794,501,50,118
42,19,807,545,49,134
42,20,838,531,50,134
42,21,871,508,54,122
42,22,918,504,58,136
42,23,908,523,53,124
42,24,835,588,67,170
42,25,1214,627,57,169
42,26,894,589,61,162
42,27,951,597,61,151
42,28,978,586,66,145
42,29,1055,587,61,136
42,30,1048,574,55,129
42,31,1025,630,84,163
42,32,1093,664,54,116
42,33,1078,628,73,190
42,34,1058,674,74,203
42,35,1114,568,55,149
42,36,1165,599,76,184
42,37,1159,664,73,163
42,75,1330,536,45,71
42,77,1262,486,54,97
42,78,1298,476,65,108
42,79,551,433,100,284
42,80,468,478,112,305
42,81,635,406,82,257
42,82,697,392,66,232
42,83,1276,543,160,310
42,84,1448,555,60,95
42,85,1064,481,46,119
42,86,1863,711,56,368
42,87,1454,610,160,71
42,88,1317,422,221,61
43,1,313,803,140,268
43,2,440,812,124,267
43,3,488,787,104,259
43,4,1819,829,100,250
43,5,661,779,97,221
43,6,753,783,93,206
43,7,1468,707,116,242
43,8,1508,697,76,221
43,9,1301,650,58,182
43,10,1522,560,52,100
43,11,1357,517,58,82
43,12,1432,668,78,211
43,13,1518,653,81,178
43,14,1198,661,66,193
43,15,1129,671,80,190
43,16,1352,618,65,178
43,17,782,518,45,106
43,18,795,503,50,118
43,19,808,546,49,134
43,20,840,532,50,134
43,21,873,510,54,122
43,22,920,505,58,136
43,23,909,525,53,124
43,24,837,590,67,170
43,25,1216,630,57,169
43,26,895,591,61,162
43,27,953,599,61,151
43,28,979,588,66,145
43,29,1057,590,61,136
43,30,1050,577,55,129
43,31,1032,633,84,163
43,32,1097,668,54,116
43,33,1083,632,73,190
43,34,1062,677,74,203
43,35,1115,569,55,149
43,36,1169,600,76,184
43,37,1160,665,73,163
43,75,1332,538,45,71
43,77,1265,488,54,97
43,78,1300,478,65,108
43,79,552,433,100,284
43,80,469,479,112,305
43,81,636,408,82,257
43,82,697,393,66,232
43,83,1277,544,160,310
43,84,1449,556,60,95
43,85,1066,483,46,119
43,86,1863,711,56,368
43,87,1454,611,160,71
43,88,1318,424,221,61
44,1,313,804,140,268
44,2,444,807,124,267
44,3,492,785,104,259
44,4,1819,829,100,250
44,5,663,781,97,221
44,6,754,784,93,206
44,7,1460,707,116,242
44,8,1487,694,76,221
44,9,1303,650,58,182
44,10,1522,561,52,100
44,11,1357,517,58,82
44,12,1430,667,78,211
44,13,1520,655,81,178
44,14,1201,663,66,193
44,15,1134,676,80,190
44,16,1351,619,65,178
44,17,783,519,45,106
44,18,796,504,50,118
44,19,809,547,49,134
44,20,842,533,50,134
44,21,875,511,54,122
44,22,921,506,58,136
44,23,912,526,53,124
44,24,838,590,67,170
44,25,1216,629,57,169
44,26,896,591,61,162
44,27,954,600,61,151
44,28,980,590,66,145
44,29,1060,592,61,136
44,30,1052,579,55,129
44,31,1035,635,84,163
44,32,1100,671,54,116
44,33,1085,636,73,190
44,34,1067,680,74,203
44,35,1116,570,55,149
44,36,1173,600,76,184
44,37,1168,666,73,163
44,75,1332,537,45,71
44,77,1266,489,54,97
44,78,1302,478,65,108
44,79,553,435,100,284
44,80,470,480,112,305
44,81,636,409,82,257
44,82,698,393,66,232
44,83,1277,545,160,310
44,84,1450,557,60,95
44,85,1066,483,46,119
44,86,1863,711,56,368
44,87,1456,611,160,71
44,88,1319,424,221,61
45,1,313,804,140,268
45,2,446,810,124,267
45,3,494,784,104,259
45,4,1819,829,100,250
45,5,663,782,97,221
45,6,754,787,93,206
45,7,1457,706,116,242
45,8,1487,695,76,221
45,9,1305,649,58,182
45,10,1524,561,52,100
45,11,1357,518,58,82
45,12,1428,665,78,211
45,13,1523,656,81,178
45,14,1205,665,66,193
45,15,1136,678,80,190
45,16,1349,621,65,178
45,17,783,522,45,106
45,18,796,506,50,118
45,19,809,549,49,134
45,20,843,535,50,134
45,21,876,512,54,122
45,22,922,507,58,136
45,23,912,527,53,124
45,24,840,592,67,170
45,25,1217,630,57,169
45,26,895,592,61,162
45,27,956,601,61,151
45,28,984,587,66,145
45,29,1062,594,61,136
45,30,1053,581,55,129
45,31,1037,638,84,163
45,32,1105,673,54,116
45,33,1088,637,73,190
45,34,1072,682,74,203
45,35,1116,572,55,149
45,36,1176,600,76,184
45,37,1169,666,73,163
45,75,1332,539,45,71
45,77,1266,490,54,97
45,78,1304,479,65,108
45,79,553,435,100,284
45,80,470,481,112,305
45,81,637,410,82,257
45,82,698,395,66,232
45,83,1278,546,160,310
45,84,1450,558,60,95
45,85,1066,485,46,119
45,86,1863,711,56,368
45,87,1458,612,160,71
45,88,1319,426,221,61
46,1,316,805,140,268
46,2,447,811,124,267
46,3,498,782,104,259
46,4,1819,829,100,250
46,5,663,783,97,221
46,6,754,789,93,206
46,7,1452,704,116,242
46,8,1487,693,76,221
46,9,1308,651,58,182
46,10,1524,563,52,100
46,11,1358,519,58,82
46,12,1425,665,78,211
46,13,1527,658,81,178
46,14,1205,666,66,193
46,15,1142,681,80,190
46,16,1343,626,65,178
46,17,784,523,45,106
46,18,797,507,50,118
46,19,810,551,49,134
46,20,846,536,50,134
46,21,878,514,54,122
46,22,923,508,58,136
46,23,915,529,53,124
46,24,842,594,67,170
46,25,1218,631,57,169
46,26,895,593,61,162
46,27,957,603,61,151
46,28,986,589,66,145
46,29,1064,596,61,136
46,30,1056,582,55,129
46,31,1041,640,84,163
46,32,1109,675,54,116
46,33,1089,639,73,190
46,34,1076,684,74,203
46,35,1118,573,55,149
46,36,1180,600,76,184
46,37,1174,667,73,163
46,75,1333,540,45,71
46,77,1268,490,54,97
46,78,1306,481,65,108
46,79,555,435,100,284
46,80,471,482,112,305
46,81,638,410,82,257
46,82,699,395,66,232
46,83,1279,546,160,310
46,84,1452,559,60,95
46,85,1067,485,46,119
46,86,1863,711,56,368
46,87,1459,612,160,71
46,88,1321,426,221,61
47,1,318,807,140,268
47,2,449,808,124,267
47,3,499,783,104,259
47,4,1819,829,100,250
47,5,662,786,97,221
47,6,753,792,93,206
47,7,1446,706,116,242
47,8,1487,689,76,221
47,9,1311,654,58,182
47,10,1525,563,52,100
47,11,1359,520,58,82
47,12,1424,664,78,211
47,13,1532,660,81,178
47,14,1206,664,66,193
47,15,1146,682,80,190
47,16,1340,628,65,178
47,17,784,524,45,106
47,18,797,509,50,118
47,19,811,553,49,134
47,20,848,538,50,134
47,21,880,516,54,122
47,22,925,509,58,136
47,23,914,530,53,124
47,24,843,598,67,170
47,25,1219,633,57,169
47,26,896,595,61,162
47,27,958,605,61,151
47,28,988,591,66,145
47,29,1068,599,61,136
47,30,1058,585,55,129
47,31,1043,643,84,163
47,32,1111,677,54,116
47,33,1093,640,73,190
47,34,1080,686,74,203
47,35,1118,575,55,149
47,36,1183,602,76,184
47,37,1178,670,73,163
47,75,1334,541,45,71
47,77,1271,492,54,97
47,78,1307,482,65,108
47,79,554,437,100,284
47,80,472,482,112,305
47,81,638,412,82,257
47,82,699,396,66,232
47,83,1279,548,160,310
47,84,1452,560,60,95
47,85,1068,487,46,119
47,86,1863,711,56,368
47,87,1461,614,160,71
47,88,1321,428,221,61
48,1,318,807,140,268
48,2,450,805,124,267
48,3,500,781,104,259
48,4,1819,829,100,250
48,5,660,787,97,221
48,6,750,793,93,206
48,7,1440,706,116,242
48,8,1468,695,76,221
48,9,1312,655,58,182
48,10,1523,563,52,100
48,11,1358,520,58,82
48,12,1419,662,78,211
48,13,1533,659,81,178
48,14,1201,687,66,193
48,15,1146,684,80,190
48,16,1338,629,65,178
48,17,783,525,45,106
48,18,796,510,50,118
48,19,811,554,49,134
48,20,849,540,50,134
48,21,880,516,54,122
48,22,925,509,58,136
48,23,915,531,53,124
48,24,844,600,67,170
48,25,1219,632,57,169
48,26,897,595,61,162
48,27,958,606,61,151
48,28,988,593,66,145
48,29,1070,602,61,136
48,30,1058,586,55,129
48,31,1044,645,84,163
48,32,1113,677,54,116
48,33,1096,640,73,190
48,34,1083,686,74,203
48,35,1117,577,55,149
48,36,1185,604,76,184
48,37,1180,671,73,163
48,75,1333,540,45,71
48,77,1269,492,54,97
48,78,1308,482,65,108
48,79,553,439,100,284
48,80,471,482,112,305
48,81,638,412,82,257
48,82,699,396,66,232
48,83,1278,548,160,310
48,84,1451,559,60,95
48,85,1067,485,46,119
48,86,1863,711,56,368
48,87,1460,614,160,71
48,88,1320,428,221,61
49,1,317,807,140,268
49,2,451,804,124,267
49,3,500,781,104,259
49,4,1818,829,100,250
49,5,659,789,97,221
49,6,749,794,93,206
49,7,1432,715,116,242
49,8,1466,700,76,221
49,9,1319,652,58,182
49,10,1523,564,52,100
49,11,1357,521,58,82
49,12,1417,665,78,211
49,13,1532,663,81,178
49,14,1199,695,66,193
49,15,1149,688,80,190
49,16,1339,632,65,178
49,17,782,526,45,106
49,18,795,511,50,118
49,19,809,555,49,134
49,20,849,542,50,134
49,21,880,517,54,122
49,22,924,510,58,136
49,23,915,533,53,124
49,24,845,600,67,170
49,25,1218,632,57,169
49,26,895,597,61,162
49,27,958,606,61,151
49,28,987,594,66,145
49,29,1071,602,61,136
49,30,1058,587,55,129
49,31,1046,644,84,163
49,32,1115,677,54,116
49,33,1097,641,73,190
49,34,1087,686,74,203
49,35,1116,579,55,149
49,36,1185,605,76,184
49,37,1182,672,73,163
49,75,1332,542,45,71
49,77,1268,492,54,97
49,78,1309,483,65,108
49,79,551,439,100,284
49,80,469,483,112,305
49,81,636,411,82,257
49,82,698,396,66,232
49,83,1277,549,160,310
49,84,1450,560,60,95
49,85,1066,486,46,119
49,86,1863,711,56,368
49,87,1460,614,160,71
49,88,1318,429,221,61
50,1,318,807,140,268
50,2,453,800,124,267
50,3,502,780,104,259
50,4,1819,829,100,250
50,5,659,789,97,221
50,6,748,795,93,206
50,7,1428,709,116,242
50,8,1465,698,76,221
50,9,1321,658,58,182
50,10,1523,564,52,100
50,11,1357,522,58,82
50,12,1416,664,78,211
50,13,1535,660,81,178
50,14,1203,698,66,193
50,15,1154,682,80,190
50,16,1340,634,65,178
50,17,783,526,45,106
50,18,795,513,50,118
50,19,809,556,49,134
50,20,852,544,50,134
50,21,882,519,54,122
50,22,925,511,58,136
50,23,915,535,53,124
50,24,848,602,67,170
50,25,1218,633,57,169
50,26,896,600,61,162
50,27,960,608,61,151
50,28,987,594,66,145
50,29,1074,604,61,136
50,30,1058,588,55,129
50,31,1047,645,84,163
50,32,1118,678,54,116
50,33,1099,642,73,190
50,34,1089,686,74,203
50,35,1117,580,55,149
50,36,1190,603,76,184
50,37,1185,673,73,163
50,75,1332,542,45,71
50,77,1269,492,54,97
50,78,1311,481,65,108
50,79,552,440,100,284
50,80,470,484,112,305
50,81,636,413,82,257
50,82,698,397,66,232
50,83,1277,549,160,310
50,84,1450,560,60,95
50,85,1066,487,46,119
50,86,1863,711,56,368
50,87,1460,614,160,71
50,88,1319,429,221,61
51,1,318,807,140,268
51,2,454,798,124,267
51,3,503,779,104,259
51,4,1817,829,100,250
51,5,658,791,97,221
51,6,748,794,93,206
51,7,1428,712,116,242
51,8,1469,699,76,221
51,9,1298,666,58,182
51,10,1523,563,52,100
51,11,1358,522,58,82
51,12,1407,665,78,211
51,13,1538,661,81,178
51,14,1187,692,66,193
51,15,1158,678,80,190
51,16,1320,620,65,178
51,17,783,525,45,106
51,18,796,512,50,118
51,19,809,556,49,134
51,20,853,544,50,134
51,21,884,520,54,122
51,22,925,512,58,136
51,23,917,535,53,124
51,24,849,602,67,170
51,25,1218,634,57,169
51,26,897,600,61,162
51,27,960,607,61,151
51,28,989,594,66,145
51,29,1076,604,61,136
51,30,1058,588,55,129
51,31,1051,646,84,163
51,32,1122,677,54,116
51,33,1103,642,73,190
51,34,1092,685,74,203
51,35,1117,581,55,149
51,36,1193,609,76,184
51,37,1187,673,73,163
51,75,1332,541,45,71
51,77,1269,492,54,97
51,78,1310,483,65,108
51,79,552,440,100,284
51,80,470,484,112,305
51,81,636,412,82,257
51,82,698,397,66,232
51,83,1277,549,160,310
51,84,1450,560,60,95
51,85,1066,487,46,119
51,86,1863,710,56,368
51,87,1460,614,160,71
51,88,1319,429,221,61
52,1,319,807,140,268
52,2,457,802,124,267
52,3,504,780,104,259
52,4,1819,827,100,250
52,5,658,791,97,221
52,6,747,795,93,206
52,7,1430,716,116,242
52,8,1454,698,76,221
52,9,1302,667,58,182
52,10,1523,564,52,100
52,11,1358,521,58,82
52,12,1407,664,78,211
52,13,1538,662,81,178
52,14,1191,694,66,193
52,15,1158,680,80,190
52,16,1321,620,65,178
52,17,782,526,45,106
52,18,795,512,50,118
52,19,808,556,49,134
52,20,854,544,50,134
52,21,885,520,54,122
52,22,926,512,58,136
52,23,917,535,53,124
52,24,850,604,67,170
52,25,1218,635,57,169
52,26,897,601,61,162
52,27,962,609,61,151
52,28,990,597,66,145
52,29,1078,604,61,136
52,30,1058,587,55,129
52,31,1055,645,84,163
52,32,1125,676,54,116
52,33,1108,642,73,190
52,34,1095,685,74,203
52,35,1117,581,55,149
52,36,1197,610,76,184
52,37,1192,670,73,163
52,75,1332,541,45,71
52,77,1269,492,54,97
52,78,1311,484,65,108
52,79,552,440,100,284
52,80,470,484,112,305
52,81,635,412,82,257
52,82,699,397,66,232
52,83,1278,549,160,310
52,84,1450,560,60,95
52,85,1067,487,46,119
52,86,1863,698,56,368
52,87,1461,614,160,71
52,88,1319,429,221,61
53,1,322,808,140,268
53,2,458,801,124,267
53,3,505,781,104,259
53,4,1819,828,100,250
53,5,657,794,97,221
53,6,746,796,93,206
53,7,1429,716,116,242
53,8,1452,699,76,221
53,9,1305,670,58,182
53,10,1523,564,52,100
53,11,1358,521,58,82
53,12,1406,665,78,211
53,13,1540,663,81,178
53,14,1195,692,66,193
53,15,1162,681,80,190
53,16,1319,620,65,178
53,17,782,526,45,106
53,18,795,513,50,118
53,19,807,556,49,134
53,20,856,545,50,134
53,21,886,520,54,122
53,22,926,513,58,136
53,23,919,535,53,124
53,24,851,603,67,170
53,25,1220,636,57,169
53,26,898,602,61,162
53,27,962,610,61,151
53,28,992,595,66,145
53,29,1079,604,61,136
53,30,1058,588,55,129
53,31,1058,646,84,163
53,32,1127,677,54,116
53,33,1111,641,73,190
53,34,1097,685,74,203
53,35,1117,581,55,149
53,36,1198,610,76,184
53,37,1194,677,73,163
53,75,1332,540,45,71
53,77,1269,492,54,97
53,78,1312,483,65,108
53,79,551,442,100,284
53,80,470,485,112,305
53,81,635,413,82,257
53,82,698,399,66,232
53,83,1278,549,160,310
53,84,1450,560,60,95
53,85,1067,488,46,119
53,86,1863,710,56,368
53,87,1460,612,160,71
53,88,1319,429,221,61
54,1,325,809,140,268
54,2,459,802,124,267
54,3,507,780,104,259
54,4,1819,829,100,250
54,5,656,796,97,221
54,6,745,798,93,206
54,7,1431,716,116,242
54,8,1453,695,76,221
54,9,1305,647,58,182
54,10,1523,565,52,100
54,11,1357,522,58,82
54,12,1401,666,78,211
54,13,1541,663,81,178
54,14,1197,693,66,193
54,15,1164,681,80,190
54,16,1313,626,65,178
54,17,782,526,45,106
54,18,795,512,50,118
54,19,807,556,49,134
54,20,857,546,50,134
54,21,886,521,54,122
54,22,927,513,58,136
54,23,921,536,53,124
54,24,853,604,67,170
54,25,1220,634,57,169
54,26,898,603,61,162
54,27,963,612,61,151
54,28,993,595,66,145
54,29,1080,605,61,136
54,30,1057,590,55,129
54,31,1061,648,84,163
54,32,1130,677,54,116
54,33,1114,642,73,190
54,34,1100,688,74,203
54,35,1117,581,55,149
54,36,1198,610,76,184
54,37,1197,678,73,163
54,75,1332,540,45,71
54,77,1268,492,54,97
54,78,1313,484,65,108
54,79,549,444,100,284
54,80,469,485,112,305
54,81,634,414,82,257
54,82,698,398,66,232
54,83,1277,549,160,310
54,84,1449,561,60,95
54,85,1066,488,46,119
54,86,1863,711,56,368
54,87,1460,612,160,71
54,88,1318,429,221,61
55,1,324,809,140,268
55,2,460,802,124,267
55,3,507,778,104,259
55,4,1818,829,100,250
55,5,655,797,97,221
55,6,743,799,93,206
55,7,1431,716,116,242
55,8,1450,696,76,221
55,9,1300,644,58,182
55,10,1522,565,52,100
55,11,1357,521,58,82
55,12,1396,666,78,211
55,13,1541,663,81,178
55,14,1199,692,66,193
55,15,1167,683,80,190
55,16,1309,624,65,178
55,17,781,528,45,106
55,18,795,510,50,118
55,19,808,556,49,134
55,20,858,545,50,134
55,21,887,520,54,122
55,22,927,513,58,136
55,23,921,536,53,124
55,24,853,605,67,170
55,25,1221,634,57,169
55,26,899,603,61,162
55,27,964,612,61,151
55,28,993,595,66,145
55,29,1082,604,61,136
55,30,1057,590,55,129
55,31,1064,647,84,163
55,32,1133,679,54,116
55,33,1116,643,73,190
55,34,1102,688,74,203
55,35,1117,581,55,149
55,36,1201,606,76,184
55,37,1200,678,73,163
55,75,1331,542,45,71
55,77,1268,493,54,97
55,78,1315,483,65,108
55,79,551,444,100,284
55,80,469,485,112,305
55,81,634,414,82,257
55,82,697,399,66,232
55,83,1277,549,160,310
55,84,1449,561,60,95
55,85,1064,489,46,119
55,86,1863,710,56,368
55,87,1460,613,160,71
55,88,1318,429,221,61
56,1,326,809,140,268
56,2,460,802,124,267
56,3,509,777,104,259
56,4,1819,829,100,250
56,5,655,797,97,221
56,6,742,801,93,206
56,7,1430,716,116,242
56,8,1447,695,76,221
56,9,1297,644,58,182
56,10,1521,565,52,100
56,11,1357,522,58,82
56,12,1390,666,78,211
56,13,1541,663,81,178
56,14,1199,694,66,193
56,15,1169,683,80,190
56,16,1305,624,65,178
56,17,781,529,45,106
56,18,794,513,50,118
56,19,806,556,49,134
56,20,860,544,50,134
56,21,888,521,54,122
56,22,928,513,58,136
56,23,921,537,53,124
56,24,855,607,67,170
56,25,1223,637,57,169
56,26,898,604,61,162
56,27,964,613,61,151
56,28,994,593,66,145
56,29,1083,606,61,136
56,30,1058,591,55,129
56,31,1067,649,84,163
56,32,1136,680,54,116
56,33,1117,645,73,190
56,34,1107,690,74,203
56,35,1117,581,55,149
56,36,1185,625,76,184
56,37,1202,679,73,163
56,75,1331,540,45,71
56,77,1270,492,54,97
56,78,1317,483,65,108
56,79,550,444,100,284
56,80,469,486,112,305
56,81,634,415,82,257
56,82,699,398,66,232
56,83,1277,549,160,310
56,84,1449,561,60,95
56,85,1064,489,46,119
56,86,1861,711,56,368
56,87,1459,613,160,71
56,88,1318,429,221,61
57,1,328,809,140,268
57,2,462,803,124,267
57,3,511,777,104,259
57,4,1819,829,100,250
57,5,654,799,97,221
57,6,741,804,93,206
57,7,1428,718,116,242
57,8,1444,687,76,221
57,9,1296,644,58,182
57,10,1522,565,52,100
57,11,1357,522,58,82
57,12,1389,665,78,211
57,13,1543,664,81,178
57,14,1182,688,66,193
57,15,1172,685,80,190
57,16,1303,625,65,178
57,17,781,528,45,106
57,18,795,514,50,118
57,19,806,558,49,134
57,20,861,546,50,134
57,21,889,522,54,122
57,22,929,513,58,136
57,23,923,537,53,124
57,24,857,605,67,170
57,25,1227,639,57,169
57,26,900,604,61,162
57,27,965,614,61,151
57,28,996,597,66,145
57,29,1084,607,61,136
57,30,1059,594,55,129
57,31,1070,653,84,163
57,32,1138,683,54,116
57,33,1121,647,73,190
57,34,1111,692,74,203
57,35,1119,582,55,149
57,36,1204,612,76,184
57,37,1205,675,73,163
57,75,1331,542,45,71
57,77,1270,492,54,97
57,78,1317,484,65,108
57,79,550,444,100,284
57,80,468,486,112,305
57,81,634,415,82,257
57,82,697,398,66,232
57,83,1277,549,160,310
57,84,1449,561,60,95
57,85,1065,488,46,119
57,86,1863,711,56,368
57,87,1460,613,160,71
57,88,1318,430,221,61
58,1,331,810,140,268
58,2,464,801,124,267
58,3,513,776,104,259
58,4,1819,829,100,250
58,5,654,801,97,221
58,6,741,804,93,206
58,7,1429,720,116,242
58,8,1443,687,76,221
58,9,1295,647,58,182
58,10,1522,566,52,100
58,11,1358,522,58,82
58,12,1382,666,78,211
58,13,1545,664,81,178
58,14,1201,692,66,193
58,15,1176,688,80,190
58,16,1302,626,65,178
58,17,782,528,45,106
58,18,795,514,50,118
58,19,807,558,49,134
58,20,863,546,50,134
58,21,891,522,54,122
58,22,930,512,58,136
58,23,926,539,53,124
58,24,859,605,67,170
58,25,1228,637,57,169
58,26,901,604,61,162
58,27,966,613,61,151
58,28,997,595,66,145
58,29,1086,609,61,136
58,30,1060,595,55,129
58,31,1072,654,84,163
58,32,1143,684,54,116
58,33,1123,649,73,190
58,34,1114,694,74,203
58,35,1120,581,55,149
58,36,1206,612,76,184
58,37,1208,677,73,163
58,75,1331,540,45,71
58,77,1271,493,54,97
58,78,1318,485,65,108
58,79,551,444,100,284
58,80,469,487,112,305
58,81,634,414,82,257
58,82,697,398,66,232
58,83,1277,549,160,310
58,84,1450,561,60,95
58,85,1065,488,46,119
58,86,1863,711,56,368
58,87,1462,613,160,71
58,88,1319,429,221,61
59,1,333,810,140,268
59,2,467,798,124,267
59,3,516,774,104,259
59,4,1819,829,100,250
59,5,655,802,97,221
59,6,742,806,93,206
59,7,1429,720,116,242
59,8,1443,677,76,221
59,9,1293,643,58,182
59,10,1524,567,52,100
59,11,1359,522,58,82
59,12,1383,665,78,211
59,13,1549,664,81,178
59,14,1205,693,66,193
59,15,1179,691,80,190
59,16,1302,624,65,178
59,17,783,529,45,106
59,18,797,516,50,118
59,19,807,560,49,134
59,20,865,548,50,134
59,21,893,523,54,122
59,22,932,513,58,136
59,23,928,541,53,124
59,24,861,606,67,170
59,25,1230,638,57,169
59,26,902,606,61,162
59,27,968,613,61,151
59,28,999,597,66,145
59,29,1089,611,61,136
59,30,1063,597,55,129
59,31,1076,658,84,163
59,32,1149,686,54,116
59,33,1130,651,73,190
59,34,1119,695,74,203
59,35,1122,584,55,149
59,36,1210,615,76,184
59,37,1211,680,73,163
59,75,1332,543,45,71
59,77,1273,494,54,97
59,78,1321,484,65,108
59,79,551,444,100,284
59,80,470,487,112,305
59,81,635,414,82,257
59,82,698,399,66,232
59,83,1278,548,160,310
59,84,1451,561,60,95
59,85,1066,489,46,119
59,86,1863,711,56,368
59,87,1464,614,160,71
59,88,1320,430,221,61
60,1,335,809,140,268
60,2,471,796,124,267
60,3,520,772,104,259
60,4,1819,829,100,250
60,5,656,801,97,221
60,6,742,808,93,206
60,7,1431,721,116,242
60,8,1444,678,76,221
60,9,1292,645,58,182
60,10,1525,566,52,100
60,11,1360,523,58,82
60,12,1384,664,78,211
60,13,1550,664,81,178
60,14,1206,675,66,193
60,15,1180,695,80,190
60,16,1302,627,65,178
60,17,784,530,45,106
60,18,799,516,50,118
60,19,808,561,49,134
60,20,867,550,50,134
60,21,895,523,54,122
60,22,934,513,58,136
60,23,930,540,53,124
60,24,861,609,67,170
60,25,1235,637,57,169
60,26,904,606,61,162
60,27,969,614,61,151
60,28,1000,599,66,145
60,29,1090,613,61,136
60,30,1066,598,55,129
60,31,1079,660,84,163
60,32,1154,687,54,116
60,33,1134,653,73,190
60,34,1123,696,74,203
60,35,1124,585,55,149
60,36,1213,612,76,184
60,37,1214,683,73,163
60,75,1333,543,45,71
60,77,1274,495,54,97
60,78,1323,484,65,108
60,79,552,444,100,284
60,80,471,487,112,305
60,81,636,414,82,257
60,82,700,399,66,232
60,83,1280,547,160,310
60,84,1452,562,60,95
60,85,1067,489,46,119
60,86,1863,710,56,368
60,87,1465,614,160,71
60,88,1321,430,221,61
61,1,339,808,140,268
61,2,472,796,124,267
61,3,521,771,104,259
61,4,1819,829,100,250
61,5,655,803,97,221
61,6,741,809,93,206
61,7,1421,719,116,242
61,8,1427,692,76,221
61,9,1289,644,58,182
61,10,1525,566,52,100
61,11,1360,522,58,82
61,12,1369,666,78,211
61,13,1547,664,81,178
61,14,1208,677,66,193
61,15,1182,696,80,190
61,16,1292,624,65,178
61,17,784,531,45,106
61,18,799,518,50,118
61,19,809,562,49,134
61,20,868,551,50,134
61,21,895,523,54,122
61,22,935,513,58,136
61,23,931,539,53,124
61,24,865,609,67,170
61,25,1237,637,57,169
61,26,905,608,61,162
61,27,970,614,61,151
61,28,1001,602,66,145
61,29,1092,614,61,136
61,30,1068,598,55,129
61,31,1082,662,84,163
61,32,1157,687,54,116
61,33,1138,652,73,190
61,34,1127,697,74,203
61,35,1125,586,55,149
61,36,1215,613,76,184
61,37,1217,682,73,163
61,75,1334,541,45,71
61,77,1275,495,54,97
61,78,1324,484,65,108
61,79,552,444,100,284
61,80,471,486,112,305
61,81,636,413,82,257
61,82,700,399,66,232
61,83,1279,547,160,310
61,84,1452,562,60,95
61,85,1067,489,46,119
61,86,1863,711,56,368
61,87,1465,615,160,71
61,88,1321,430,221,61
62,1,341,809,140,268
62,2,475,793,124,267
62,3,525,769,104,259
62,4,1819,826,100,250
62,5,655,804,97,221
62,6,741,809,93,206
62,7,1418,717,116,242
62,8,1422,690,76,221
62,9,1289,644,58,182
62,10,1526,566,52,100
62,11,1361,522,58,82
62,12,1370,665,78,211
62,13,1551,663,81,178
62,14,1211,677,66,193
62,15,1187,700,80,190
62,16,1293,622,65,178
62,17,786,530,45,106
62,18,800,518,50,118
62,19,810,562,49,134
62,20,870,553,50,134
62,21,898,524,54,122
62,22,937,512,58,136
62,23,934,539,53,124
62,24,866,610,67,170
62,25,1240,636,57,169
62,26,906,609,61,162
62,27,971,614,61,151
62,28,1001,602,66,145
62,29,1094,614,61,136
62,30,1071,598,55,129
62,31,1083,664,84,163
62,32,1162,686,54,116
62,33,1145,651,73,190
62,34,1132,696,74,203
62,35,1128,587,55,149
62,36,1218,615,76,184
62,37,1220,680,73,163
62,75,1335,540,45,71
62,77,1277,493,54,97
62,78,1326,484,65,108
62,79,553,444,100,284
62,80,473,486,112,305
62,81,637,414,82,257
62,82,701,398,66,232
62,83,1281,547,160,310
62,84,1453,560,60,95
62,85,1068,488,46,119
62,86,1863,711,56,368
62,87,1467,614,160,71
62,88,1322,429,221,61
63,1,343,805,140,268
63,2,478,793,124,267
63,3,533,767,104,259
63,4,1819,825,100,250
63,5,655,806,97,221
63,6,741,809,93,206
63,7,1416,716,116,242
63,8,1419,685,76,221
63,9,1288,645,58,182
63,10,1527,566,52,100
63,11,1361,523,58,82
63,12,1371,665,78,211
63,13,1552,663,81,178
63,14,1216,675,66,193
63,15,1194,697,80,190
63,16,1292,624,65,178
63,17,787,530,45,106
63,18,801,518,50,118
63,19,811,562,49,134
63,20,871,554,50,134
63,21,899,524,54,122
63,22,939,511,58,136
63,23,935,541,53,124
63,24,868,610,67,170
63,25,1245,642,57,169
63,26,907,609,61,162
63,27,972,615,61,151
63,28,1004,602,66,145
63,29,1096,614,61,136
63,30,1073,597,55,129
63,31,1086,664,84,163
63,32,1165,686,54,116
63,33,1151,650,73,190
63,34,1138,695,74,203
63,35,1130,587,55,149
63,36,1220,617,76,184
63,37,1223,684,73,163
63,75,1336,540,45,71
63,77,1281,494,54,97
63,78,1327,484,65,108
63,79,553,444,100,284
63,80,473,486,112,305
63,81,638,415,82,257
63,82,701,399,66,232
63,83,1281,547,160,310
63,84,1454,560,60,95
63,85,1069,488,46,119
63,86,1863,710,56,368
63,87,1468,613,160,71
63,88,1323,429,221,61
64,1,348,805,140,268
64,2,480,792,124,267
64,3,537,765,104,259
64,4,1819,829,100,250
64,5,654,806,97,221
64,6,740,810,93,206
64,7,1423,730,116,242
64,8,1418,681,76,221
64,9,1286,644,58,182
64,10,1527,566,52,100
64,11,1361,522,58,82
64,12,1371,660,78,211
64,13,1553,663,81,178
64,14,1218,678,66,193
64,15,1197,697,80,190
64,16,1289,622,65,178
64,17,788,529,45,106
64,18,801,518,50,118
64,19,811,562,49,134
64,20,871,553,50,134
64,21,899,523,54,122
64,22,940,511,58,136
64,23,937,538,53,124
64,24,868,610,67,170
64,25,1246,642,57,169
64,26,908,609,61,162
64,27,972,615,61,151
64,28,1004,602,66,145
64,29,1098,614,61,136
64,30,1074,598,55,129
64,31,1088,662,84,163
64,32,1168,685,54,116
64,33,1155,649,73,190
64,34,1140,695,74,203
64,35,1132,586,55,149
64,36,1224,614,76,184
64,37,1225,681,73,163
64,75,1336,539,45,71
64,77,1281,493,54,97
64,78,1328,484,65,108
64,79,553,444,100,284
64,80,473,486,112,305
64,81,638,413,82,257
64,82,701,398,66,232
64,83,1281,547,160,310
64,84,1453,560,60,95
64,85,1069,486,46,119
64,86,1863,710,56,368
64,87,1468,614,160,71
64,88,1322,429,221,61
65,1,346,797,140,268
65,2,480,791,124,267
65,3,540,767,104,259
65,4,1819,829,100,250
65,5,654,810,97,221
65,6,739,811,93,206
65,7,1416,730,116,242
65,8,1417,684,76,221
65,9,1282,644,58,182
65,10,1527,566,52,100
65,11,1362,521,58,82
65,12,1385,671,78,211
65,13,1552,663,81,178
65,14,1218,679,66,193
65,15,1198,697,80,190
65,16,1284,622,65,178
65,17,788,529,45,106
65,18,801,518,50,118
65,19,812,561,49,134
65,20,872,553,50,134
65,21,900,523,54,122
65,22,941,512,58,136
65,23,939,537,53,124
65,24,869,610,67,170
65,25,1251,645,57,169
65,26,909,610,61,162
65,27,973,616,61,151
65,28,1006,601,66,145
65,29,1100,614,61,136
65,30,1075,599,55,129
65,31,1091,662,84,163
65,32,1172,684,54,116
65,33,1158,648,73,190
65,34,1144,693,74,203
65,35,1135,585,55,149
65,36,1227,615,76,184
65,37,1227,681,73,163
65,75,1335,540,45,71
65,77,1281,493,54,97
65,78,1330,484,65,108
65,79,554,442,100,284
65,80,473,485,112,305
65,81,638,413,82,257
65,82,701,398,66,232
65,83,1281,547,160,310
65,84,1454,560,60,95
65,85,1068,487,46,119
65,86,1863,710,56,368
65,87,1468,614,160,71
65,88,1322,429,221,61
66,1,348,788,140,268
66,2,482,791,124,267
66,3,542,770,104,259
66,4,1819,829,100,250
66,5,653,809,97,221
66,6,739,812,93,206
66,7,1411,722,116,242
66,8,1417,673,76,221
66,9,1280,644,58,182
66,10,1527,566,52,100
66,11,1362,521,58,82
66,12,1385,666,78,211
66,13,1555,663,81,178
66,14,1224,672,66,193
66,15,1205,697,80,190
66,16,1280,622,65,178
66,17,788,529,45,106
66,18,802,517,50,118
66,19,813,561,49,134
66,20,872,553,50,134
66,21,901,523,54,122
66,22,941,511,58,136
66,23,940,537,53,124
66,24,869,611,67,170
66,25,1257,641,57,169
66,26,910,611,61,162
66,27,974,618,61,151
66,28,1007,601,66,145
66,29,1103,614,61,136
66,30,1077,599,55,129
66,31,1092,662,84,163
66,32,1174,684,54,116
66,33,1160,647,73,190
66,34,1146,693,74,203
66,35,1138,586,55,149
66,36,1230,617,76,184
66,37,1230,680,73,163
66,75,1336,540,45,71
66,77,1281,494,54,97
66,78,1330,483,65,108
66,79,553,444,100,284
66,80,473,485,112,305
66,81,638,413,82,257
66,82,701,398,66,232
66,83,1281,547,160,310
66,84,1454,560,60,95
66,85,1068,487,46,119
66,86,1863,711,56,368
66,87,1467,615,160,71
66,88,1322,429,221,61
67,1,350,789,140,268
67,2,484,791,124,267
67,3,544,766,104,259
67,4,1819,829,100,250
67,5,652,811,97,221
67,6,737,812,93,206
67,7,1409,720,116,242
67,8,1414,671,76,221
67,9,1276,642,58,182
67,10,1527,566,52,100
67,11,1361,521,58,82
67,12,1384,672,78,211
67,13,1555,663,81,178
67,14,1226,673,66,193
67,15,1208,696,80,190
67,16,1278,620,65,178
67,17,789,528,45,106
67,18,802,517,50,118
67,19,814,560,49,134
67,20,873,553,50,134
67,21,902,522,54,122
67,22,942,513,58,136
67,23,942,536,53,124
67,24,870,611,67,170
67,25,1258,639,57,169
67,26,910,610,61,162
67,27,975,620,61,151
67,28,1008,601,66,145
67,29,1105,614,61,136
67,30,1078,598,55,129
67,31,1093,662,84,163
67,32,1176,682,54,116
67,33,1162,648,73,190
67,34,1147,694,74,203
67,35,1140,585,55,149
67,36,1230,623,76,184
67,37,1237,680,73,163
67,75,1336,540,45,71
67,77,1281,496,54,97
67,78,1331,483,65,108
67,79,554,442,100,284
67,80,473,485,112,305
67,81,638,412,82,257
67,82,701,397,66,232
67,83,1281,547,160,310
67,84,1454,560,60,95
67,85,1068,487,46,119
67,86,1863,710,56,368
67,87,1467,615,160,71
67,88,1322,429,221,61
68,1,351,788,140,268
68,2,486,789,124,267
68,3,546,766,104,259
68,4,1819,828,100,250
68,5,652,811,97,221
68,6,736,812,93,206
68,7,1406,723,116,242
68,8,1414,674,76,221
68,9,1270,641,58,182
68,10,1526,565,52,100
68,11,1361,520,58,82
68,12,1384,670,78,211
68,13,1555,662,81,178
68,14,1228,671,66,193
68,15,1212,696,80,190
68,16,1275,619,65,178
68,17,788,527,45,106
68,18,802,516,50,118
68,19,814,559,49,134
68,20,873,552,50,134
68,21,903,520,54,122
68,22,943,510,58,136
68,23,942,535,53,124
68,24,870,609,67,170
68,25,1259,638,57,169
68,26,911,609,61,162
68,27,975,619,61,151
68,28,1009,601,66,145
68,29,1107,615,61,136
68,30,1077,597,55,129
68,31,1095,660,84,163
68,32,1178,682,54,116
68,33,1164,647,73,190
68,34,1149,693,74,203
68,35,1142,584,55,149
68,36,1238,616,76,184
68,37,1239,678,73,163
68,75,1336,538,45,71
68,77,1281,495,54,97
68,78,1331,482,65,108
68,79,553,440,100,284
68,80,473,483,112,305
68,81,638,410,82,257
68,82,701,395,66,232
68,83,1281,546,160,310
68,84,1454,558,60,95
68,85,1068,486,46,119
68,86,1863,710,56,368
68,87,1467,614,160,71
68,88,1323,427,221,61
69,1,353,786,140,268
69,2,488,790,124,267
69,3,548,765,104,259
69,4,1819,827,100,250
69,5,650,812,97,221
69,6,735,814,93,206
69,7,1423,716,116,242
69,8,1413,673,76,221
69,9,1269,638,58,182
69,10,1526,565,52,100
69,11,1361,519,58,82
69,12,1382,669,78,211
69,13,1555,662,81,178
69,14,1220,674,66,193
69,15,1217,699,80,190
69,16,1272,619,65,178
69,17,789,526,45,106
69,18,802,515,50,118
69,19,813,559,49,134
69,20,874,550,50,134
69,21,904,520,54,122
69,22,944,509,58,136
69,23,942,535,53,124
69,24,870,607,67,170
69,25,1265,642,57,169
69,26,914,607,61,162
69,27,977,619,61,151
69,28,1010,599,66,145
69,29,1108,615,61,136
69,30,1078,598,55,129
69,31,1097,660,84,163
69,32,1181,684,54,116
69,33,1166,647,73,190
69,34,1152,693,74,203
69,35,1143,584,55,149
69,36,1241,616,76,184
69,37,1247,683,73,163
69,75,1335,537,45,71
69,77,1281,495,54,97
69,78,1331,481,65,108
69,79,553,438,100,284
69,80,473,482,112,305
69,81,638,410,82,257
69,82,701,394,66,232
69,83,1280,545,160,310
69,84,1453,558,60,95
69,85,1068,485,46,119
69,86,1863,709,56,368
69,87,1466,614,160,71
69,88,1321,426,221,61
70,1,356,788,140,268
70,2,492,791,124,267
70,3,551,765,104,259
70,4,1819,826,100,250
70,5,651,814,97,221
70,6,734,814,93,206
70,7,1418,717,116,242
70,8,1413,682,76,221
70,9,1272,638,58,182
70,10,1527,565,52,100
70,11,1362,519,58,82
70,12,1383,668,78,211
70,13,1557,663,81,178
70,14,1221,674,66,193
70,15,1219,699,80,190
70,16,1272,618,65,178
70,17,790,526,45,106
70,18,803,516,50,118
70,19,814,559,49,134
70,20,875,550,50,134
70,21,907,520,54,122
70,22,945,509,58,136
70,23,944,536,53,124
70,24,871,608,67,170
70,25,1260,637,57,169
70,26,913,606,61,162
70,27,978,618,61,151
70,28,1012,600,66,145
70,29,1110,618,61,136
70,30,1079,600,55,129
70,31,1098,661,84,163
70,32,1183,685,54,116
70,33,1169,649,73,190
70,34,1154,696,74,203
70,35,1146,584,55,149
70,36,1243,615,76,184
70,37,1250,680,73,163
70,75,1336,537,45,71
70,77,1282,495,54,97
70,78,1332,480,65,108
70,79,554,439,100,284
70,80,474,482,112,305
70,81,638,410,82,257
70,82,701,395,66,232
70,83,1281,545,160,310
70,84,1454,558,60,95
70,85,1069,486,46,119
70,86,1863,709,56,368
70,87,1467,615,160,71
70,88,1322,427,221,61
71,1,356,783,140,268
71,2,494,790,124,267
71,3,554,764,104,259
71,4,1819,825,100,250
71,5,651,814,97,221
71,6,734,814,93,206
71,7,1410,715,116,242
71,8,1409,686,76,221
71,9,1272,636,58,182
71,10,1527,563,52,100
71,11,1361,519,58,82
71,12,1365,685,78,211
71,13,1557,663,81,178
71,14,1224,676,66,193
71,15,1223,701,80,190
71,16,1268,614,65,178
71,17,790,526,45,106
71,18,804,517,50,118
71,19,814,559,49,134
71,20,875,551,50,134
71,21,907,522,54,122
71,22,945,507,58,136
71,23,945,535,53,124
71,24,872,607,67,170
71,25,1256,636,57,169
71,26,914,606,61,162
71,27,979,618,61,151
71,28,1013,599,66,145
71,29,1112,620,61,136
71,30,1080,600,55,129
71,31,1100,664,84,163
71,32,1185,686,54,116
71,33,1169,651,73,190
71,34,1156,697,74,203
71,35,1149,583,55,149
71,36,1247,615,76,184
71,37,1252,684,73,163
71,75,1336,536,45,71
71,77,1281,494,54,97
71,78,1333,480,65,108
71,79,554,438,100,284
71,80,473,482,112,305
71,81,638,409,82,257
71,82,701,394,66,232
71,83,1281,545,160,310
71,84,1453,557,60,95
71,85,1068,486,46,119
71,86,1863,711,56,368
71,87,1467,614,160,71
71,88,1322,426,221,61
72,1,358,781,140,268
72,2,496,788,124,267
72,3,559,762,104,259
72,4,1819,825,100,250
72,5,650,814,97,221
72,6,734,813,93,206
72,7,1405,715,116,242
72,8,1414,684,76,221
72,9,1271,636,58,182
72,10,1527,562,52,100
72,11,1362,518,58,82
72,12,1347,668,78,211
72,13,1559,663,81,178
72,14,1225,676,66,193
72,15,1228,703,80,190
72,16,1269,613,65,178
72,17,793,527,45,106
72,18,805,516,50,118
72,19,815,559,49,134
72,20,877,550,50,134
72,21,908,522,54,122
72,22,946,507,58,136
72,23,945,534,53,124
72,24,876,607,67,170
72,25,1264,638,57,169
72,26,915,606,61,162
72,27,982,618,61,151
72,28,1014,600,66,145
72,29,1114,622,61,136
72,30,1080,600,55,129
72,31,1102,665,84,163
72,32,1188,688,54,116
72,33,1172,652,73,190
72,34,1159,699,74,203
72,35,1153,583,55,149
72,36,1249,615,76,184
72,37,1256,680,73,163
72,75,1337,536,45,71
72,77,1282,494,54,97
72,78,1334,480,65,108
72,79,554,438,100,284
72,80,474,481,112,305
72,81,639,408,82,257
72,82,702,393,66,232
72,83,1281,544,160,310
72,84,1454,558,60,95
72,85,1069,485,46,119
72,86,1863,711,56,368
72,87,1468,614,160,71
72,88,1323,426,221,61
73,1,358,780,140,268
73,2,497,787,124,267
73,3,560,755,104,259
73,4,1819,823,100,250
73,5,648,814,97,221
73,6,733,813,93,206
73,7,1395,715,116,242
73,8,1415,673,76,221
73,9,1266,632,58,182
73,10,1527,561,52,100
73,11,1363,516,58,82
73,12,1345,668,78,211
73,13,1560,662,81,178
73,14,1225,675,66,193
73,15,1232,705,80,190
73,16,1265,612,65,178
73,17,791,528,45,106
73,18,804,517,50,118
73,19,815,560,49,134
73,20,878,552,50,134
73,21,910,522,54,122
73,22,947,508,58,136
73,23,945,536,53,124
73,24,874,609,67,170
73,25,1261,635,57,169
73,26,917,608,61,162
73,27,982,617,61,151
73,28,1016,599,66,145
73,29,1115,622,61,136
73,30,1081,605,55,129
73,31,1106,665,84,163
73,32,1189,690,54,116
73,33,1175,653,73,190
73,34,1160,699,74,203
73,35,1155,583,55,149
73,36,1245,613,76,184
73,37,1250,678,73,163
73,75,1336,535,45,71
73,77,1282,492,54,97
73,78,1333,480,65,108
73,79,555,437,100,284
73,80,474,480,112,305
73,81,639,408,82,257
73,82,703,392,66,232
73,83,1281,543,160,310
73,84,1454,556,60,95
73,85,1071,485,46,119
73,86,1863,711,56,368
73,87,1468,613,160,71
73,88,1324,424,221,61
74,1,358,780,140,268
74,2,498,782,124,267
74,3,560,752,104,259
74,4,1819,825,100,250
74,5,646,813,97,221
74,6,732,812,93,206
74,7,1390,737,116,242
74,8,1416,670,76,221
74,9,1266,631,58,182
74,10,1527,561,52,100
74,11,1363,515,58,82
74,12,1341,669,78,211
74,13,1561,661,81,178
74,14,1225,672,66,193
74,15,1235,703,80,190
74,16,1262,610,65,178
74,17,791,528,45,106
74,18,804,517,50,118
74,19,815,560,49,134
74,20,878,551,50,134
74,21,910,521,54,122
74,22,947,507,58,136
74,23,946,535,53,124
74,24,874,610,67,170
74,25,1261,634,57,169
74,26,918,608,61,162
74,27,982,614,61,151
74,28,1017,599,66,145
74,29,1115,622,61,136
74,30,1080,600,55,129
74,31,1113,663,84,163
74,32,1191,690,54,116
74,33,1177,653,73,190
74,34,1161,699,74,203
74,35,1158,583,55,149
74,36,1246,612,76,184
74,37,1250,673,73,163
74,75,1336,534,45,71
74,77,1282,492,54,97
74,78,1333,476,65,108
74,79,554,436,100,284
74,80,473,479,112,305
74,81,638,406,82,257
74,82,703,392,66,232
74,83,1281,541,160,310
74,84,1454,554,60,95
74,85,1068,482,46,119
74,86,1863,708,56,368
74,87,1467,610,160,71
74,88,1324,423,221,61
75,1,358,778,140,268
75,2,498,778,124,267
75,3,563,751,104,259
75,4,1819,824,100,250
75,5,644,814,97,221
75,6,731,813,93,206
75,7,1399,747,116,242
75,8,1420,669,76,221
75,9,1267,631,58,182
75,10,1526,560,52,100
75,11,1361,515,58,82
75,12,1339,664,78,211
75,13,1562,661,81,178
75,14,1226,672,66,193
75,15,1239,701,80,190
75,16,1259,608,65,178
75,17,790,528,45,106
75,18,804,516,50,118
75,19,814,560,49,134
75,20,878,553,50,134
75,21,910,520,54,122
75,22,947,506,58,136
75,23,945,535,53,124
75,24,874,610,67,170
75,25,1258,631,57,169
75,26,918,606,61,162
75,27,983,613,61,151
75,28,1017,598,66,145
75,29,1114,627,61,136
75,30,1081,602,55,129
75,31,1115,663,84,163
75,32,1191,691,54,116
75,33,1178,653,73,190
75,34,1162,699,74,203
75,35,1160,583,55,149
75,36,1244,611,76,184
75,37,1251,672,73,163
75,75,1335,532,45,71
75,77,1280,490,54,97
75,78,1332,477,65,108
75,79,553,436,100,284
75,80,472,478,112,305
75,81,637,404,82,257
75,82,700,389,66,232
75,83,1279,541,160,310
75,84,1453,553,60,95
75,85,1066,481,46,119
75,86,1863,708,56,368
75,87,1466,610,160,71
75,88,1323,422,221,61
76,1,358,776,140,268
76,2,501,772,124,267
76,3,564,750,104,259
76,4,1819,825,100,250
76,5,643,814,97,221
76,6,731,813,93,206
76,7,1392,770,116,242
76,8,1423,668,76,221
76,9,1268,633,58,182
76,10,1527,558,52,100
76,11,1361,513,58,82
76,12,1336,665,78,211
76,13,1565,659,81,178
76,14,1225,669,66,193
76,15,1243,699,80,190
76,16,1258,606,65,178
76,17,791,527,45,106
76,18,805,515,50,118
76,19,814,559,49,134
76,20,880,552,50,134
76,21,912,519,54,122
76,22,947,505,58,136
76,23,947,535,53,124
76,24,875,610,67,170
76,25,1257,630,57,169
76,26,919,606,61,162
76,27,984,612,61,151
76,28,1018,598,66,145
76,29,1116,627,61,136
76,30,1082,601,55,129
76,31,1120,663,84,163
76,32,1192,690,54,116
76,33,1180,651,73,190
76,34,1164,699,74,203
76,35,1163,582,55,149
76,36,1243,609,76,184
76,37,1249,670,73,163
76,75,1336,530,45,71
76,77,1281,488,54,97
76,78,1333,476,65,108
76,79,553,434,100,284
76,80,473,476,112,305
76,81,638,404,82,257
76,82,701,388,66,232
76,83,1279,540,160,310
76,84,1454,552,60,95
76,85,1066,480,46,119
76,86,1863,706,56,368
76,87,1467,608,160,71
76,88,1323,420,221,61
77,1,358,776,140,268
77,2,502,769,124,267
77,3,564,751,104,259
77,4,1819,821,100,250
77,5,641,814,97,221
77,6,730,815,93,206
77,7,1392,764,116,242
77,8,1422,666,76,221
77,9,1266,632,58,182
77,10,1525,556,52,100
77,11,1360,511,58,82
77,12,1331,663,78,211
77,13,1564,657,81,178
77,14,1223,669,66,193
77,15,1244,697,80,190
77,16,1252,604,65,178
77,17,789,527,45,106
77,18,805,513,50,118
77,19,813,558,49,134
77,20,880,552,50,134
77,21,912,518,54,122
77,22,947,504,58,136
77,23,947,535,53,124
77,24,876,610,67,170
77,25,1251,630,57,169
77,26,919,605,61,162
77,27,984,612,61,151
77,28,1018,598,66,145
77,29,1118,626,61,136
77,30,1084,601,55,129
77,31,1120,662,84,163
77,32,1192,689,54,116
77,33,1180,651,73,190
77,34,1164,699,74,203
77,35,1165,581,55,149
77,36,1241,609,76,184
77,37,1249,668,73,163
77,75,1334,529,45,71
77,77,1280,488,54,97
77,78,1331,474,65,108
77,79,552,432,100,284
77,80,471,475,112,305
77,81,636,401,82,257
77,82,700,387,66,232
77,83,1279,539,160,310
77,84,1452,550,60,95
77,85,1065,478,46,119
77,86,1863,708,56,368
77,87,1466,607,160,71
77,88,1322,419,221,61
78,1,360,771,140,268
78,2,503,767,124,267
78,3,566,747,104,259
78,4,1818,821,100,250
78,5,640,815,97,221
78,6,731,816,93,206
78,7,1405,743,116,242
78,8,1427,666,76,221
78,9,1269,631,58,182
78,10,1525,555,52,100
78,11,1360,510,58,82
78,12,1332,661,78,211
78,13,1566,656,81,178
78,14,1225,666,66,193
78,15,1249,695,80,190
78,16,1253,603,65,178
78,17,789,526,45,106
78,18,806,512,50,118
78,19,813,558,49,134
78,20,881,553,50,134
78,21,913,520,54,122
78,22,947,502,58,136
78,23,948,535,53,124
78,24,877,610,67,170
78,25,1253,628,57,169
78,26,921,605,61,162
78,27,986,611,61,151
78,28,1017,602,66,145
78,29,1120,624,61,136
78,30,1086,600,55,129
78,31,1126,659,84,163
78,32,1193,687,54,116
78,33,1181,649,73,190
78,34,1166,697,74,203
78,35,1168,581,55,149
78,36,1240,608,76,184
78,37,1251,670,73,163
78,75,1334,528,45,71
78,77,1279,486,54,97
78,78,1331,474,65,108
78,79,552,432,100,284
78,80,471,475,112,305
78,81,636,402,82,257
78,82,699,387,66,232
78,83,1278,538,160,310
78,84,1452,549,60,95
78,85,1064,478,46,119
78,86,1863,705,56,368
78,87,1466,606,160,71
78,88,1321,418,221,61
79,1,360,767,140,268
79,2,504,763,124,267
79,3,567,745,104,259
79,4,1818,821,100,250
79,5,639,814,97,221
79,6,731,817,93,206
79,7,1404,739,116,242
79,8,1424,664,76,221
79,9,1270,631,58,182
79,10,1525,554,52,100
79,11,1359,509,58,82
79,12,1330,658,78,211
79,13,1566,655,81,178
79,14,1224,663,66,193
79,15,1252,694,80,190
79,16,1251,602,65,178
79,17,789,523,45,106
79,18,806,510,50,118
79,19,813,556,49,134
79,20,883,550,50,134
79,21,913,518,54,122
79,22,948,499,58,136
79,23,949,534,53,124
79,24,878,609,67,170
79,25,1252,626,57,169
79,26,920,604,61,162
79,27,988,615,61,151
79,28,1018,602,66,145
79,29,1121,622,61,136
79,30,1087,598,55,129
79,31,1127,655,84,163
79,32,1194,684,54,116
79,33,1182,648,73,190
79,34,1167,697,74,203
79,35,1171,579,55,149
79,36,1245,608,76,184
79,37,1256,669,73,163
79,75,1334,526,45,71
79,77,1279,484,54,97
79,78,1332,472,65,108
79,79,551,431,100,284
79,80,471,474,112,305
79,81,636,401,82,257
79,82,699,384,66,232
79,83,1279,536,160,310
79,84,1452,548,60,95
79,85,1064,476,46,119
79,86,1860,702,56,368
79,87,1466,605,160,71
79,88,1321,416,221,61
80,1,361,765,140,268
80,2,504,760,124,267
80,3,567,742,104,259
80,4,1819,820,100,250
80,5,638,815,97,221
80,6,731,819,93,206
80,7,1409,740,116,242
80,8,1426,664,76,221
80,9,1271,632,58,182
80,10,1524,553,52,100
80,11,1359,508,58,82
80,12,1328,655,78,211
80,13,1566,654,81,178
80,14,1214,667,66,193
80,15,1254,695,80,190
80,16,1250,602,65,178
80,17,789,523,45,106
80,18,806,509,50,118
80,19,813,555,49,134
80,20,883,550,50,134
80,21,914,516,54,122
80,22,949,498,58,136
80,23,950,532,53,124
80,24,878,608,67,170
80,25,1253,626,57,169
80,26,921,604,61,162
80,27,988,616,61,151
80,28,1020,600,66,145
80,29,1122,622,61,136
80,30,1088,598,55,129
80,31,1128,655,84,163
80,32,1195,682,54,116
80,33,1183,647,73,190
80,34,1168,695,74,203
80,35,1174,579,55,149
80,36,1241,606,76,184
80,37,1258,671,73,163
80,75,1333,526,45,71
80,77,1278,484,54,97
80,78,1331,471,65,108
80,79,551,430,100,284
80,80,470,473,112,305
80,81,635,400,82,257
80,82,698,384,66,232
80,83,1277,536,160,310
80,84,1450,547,60,95
80,85,1063,475,46,119
80,86,1859,702,56,368
80,87,1464,604,160,71
80,88,1320,415,221,61
81,1,359,764,140,268
81,2,506,759,124,267
81,3,569,740,104,259
81,4,1817,817,100,250
81,5,636,815,97,221
81,6,731,819,93,206
81,7,1408,739,116,242
81,8,1426,663,76,221
81,9,1273,630,58,182
81,10,1525,552,52,100
81,11,1359,507,58,82
81,12,1328,650,78,211
81,13,1567,654,81,178
81,14,1217,665,66,193
81,15,1257,696,80,190
81,16,1250,601,65,178
81,17,788,523,45,106
81,18,807,509,50,118
81,19,813,554,49,134
81,20,884,549,50,134
81,21,915,516,54,122
81,22,950,497,58,136
81,23,951,531,53,124
81,24,879,606,67,170
81,25,1258,628,57,169
81,26,923,603,61,162
81,27,989,616,61,151
81,28,1020,602,66,145
81,29,1124,622,61,136
81,30,1089,599,55,129
81,31,1130,656,84,163
81,32,1197,684,54,116
81,33,1184,645,73,190
81,34,1168,695,74,203
81,35,1177,577,55,149
81,36,1242,605,76,184
81,37,1260,669,73,163
81,75,1333,525,45,71
81,77,1279,482,54,97
81,78,1331,470,65,108
81,79,551,430,100,284
81,80,470,472,112,305
81,81,635,398,82,257
81,82,698,383,66,232
81,83,1278,534,160,310
81,84,1450,545,60,95
81,85,1062,474,46,119
81,86,1863,704,56,368
81,87,1465,603,160,71
81,88,1320,414,221,61
82,1,357,765,140,268
82,2,508,755,124,267
82,3,570,738,104,259
82,4,1817,815,100,250
82,5,634,816,97,221
82,6,732,819,93,206
82,7,1412,742,116,242
82,8,1428,663,76,221
82,9,1275,632,58,182
82,10,1524,551,52,100
82,11,1359,506,58,82
82,12,1325,649,78,211
82,13,1569,651,81,178
82,14,1220,665,66,193
82,15,1258,697,80,190
82,16,1253,604,65,178
82,17,789,522,45,106
82,18,807,508,50,118
82,19,813,554,49,134
82,20,885,548,50,134
82,21,916,516,54,122
82,22,951,496,58,136
82,23,953,528,53,124
82,24,880,606,67,170
82,25,1262,628,57,169
82,26,923,604,61,162
82,27,990,615,61,151
82,28,1022,600,66,145
82,29,1125,622,61,136
82,30,1091,600,55,129
82,31,1132,656,84,163
82,32,1199,684,54,116
82,33,1187,645,73,190
82,34,1168,695,74,203
82,35,1180,575,55,149
82,36,1244,603,76,184
82,37,1262,669,73,163
82,75,1333,524,45,71
82,77,1279,482,54,97
82,78,1331,469,65,108
82,79,551,428,100,284
82,80,470,471,112,305
82,81,635,398,82,257
82,82,698,382,66,232
82,83,1279,532,160,310
82,84,1450,544,60,95
82,85,1062,474,46,119
82,86,1863,711,56,368
82,87,1464,601,160,71
82,88,1319,413,221,61
83,1,358,764,140,268
83,2,508,756,124,267
83,3,571,738,104,259
83,4,1819,816,100,250
83,5,632,817,97,221
83,6,733,818,93,206
83,7,1411,741,116,242
83,8,1427,662,76,221
83,9,1277,632,58,182
83,10,1524,551,52,100
83,11,1359,505,58,82
83,12,1321,646,78,211
83,13,1570,652,81,178
83,14,1221,662,66,193
83,15,1261,699,80,190
83,16,1253,602,65,178
83,17,789,521,45,106
83,18,807,508,50,118
83,19,814,553,49,134
83,20,886,547,50,134
83,21,917,516,54,122
83,22,952,495,58,136
83,23,954,528,53,124
83,24,882,606,67,170
83,25,1261,629,57,169
83,26,925,603,61,162
83,27,991,615,61,151
83,28,1022,602,66,145
83,29,1127,619,61,136
83,30,1092,601,55,129
83,31,1134,656,84,163
83,32,1199,683,54,116
83,33,1187,645,73,190
83,34,1170,694,74,203
83,35,1184,573,55,149
83,36,1244,603,76,184
83,37,1265,672,73,163
83,75,1333,523,45,71
83,77,1279,481,54,97
83,78,1331,468,65,108
83,79,551,428,100,284
83,80,470,470,112,305
83,81,635,396,82,257
83,82,698,381,66,232
83,83,1279,532,160,310
83,84,1450,544,60,95
83,85,1061,473,46,119
83,86,1863,700,56,368
83,87,1464,601,160,71
83,88,1320,412,221,61
84,1,358,762,140,268
84,2,510,756,124,267
84,3,571,735,104,259
84,4,1819,816,100,250
84,5,633,818,97,221
84,6,735,819,93,206
84,7,1409,740,116,242
84,8,1429,663,76,221
84,9,1278,636,58,182
84,10,1524,550,52,100
84,11,1359,504,58,82
84,12,1319,646,78,211
84,13,1570,653,81,178
84,14,1227,644,66,193
84,15,1262,701,80,190
84,16,1252,603,65,178
84,17,790,521,45,106
84,18,810,508,50,118
84,19,815,554,49,134
84,20,887,546,50,134
84,21,919,513,54,122
84,22,952,493,58,136
84,23,955,528,53,124
84,24,883,605,67,170
84,25,1261,629,57,169
84,26,926,603,61,162
84,27,993,615,61,151
84,28,1023,602,66,145
84,29,1133,624,61,136
84,30,1092,602,55,129
84,31,1135,657,84,163
84,32,1202,684,54,116
84,33,1189,646,73,190
84,34,1172,695,74,203
84,35,1187,573,55,149
84,36,1245,606,76,184
84,37,1267,673,73,163
84,75,1332,523,45,71
84,77,1278,481,54,97
84,78,1331,468,65,108
84,79,551,428,100,284
84,80,470,469,112,305
84,81,635,396,82,257
84,82,698,380,66,232
84,83,1278,531,160,310
84,84,1450,543,60,95
84,85,1062,472,46,119
84,86,1859,698,56,368
84,87,1465,600,160,71
84,88,1320,412,221,61
85,1,361,759,140,268
85,2,510,755,124,267
85,3,573,734,104,259
85,4,1818,815,100,250
85,5,631,819,97,221
85,6,735,819,93,206
85,7,1412,740,116,242
85,8,1433,662,76,221
85,9,1280,636,58,182
85,10,1524,550,52,100
85,11,1358,504,58,82
85,12,1319,644,78,211
85,13,1570,653,81,178
85,14,1216,656,66,193
85,15,1264,701,80,190
85,16,1250,603,65,178
85,17,790,521,45,106
85,18,811,508,50,118
85,19,815,555,49,134
85,20,888,547,50,134
85,21,920,514,54,122
85,22,953,494,58,136
85,23,955,528,53,124
85,24,884,605,67,170
85,25,1261,630,57,169
85,26,927,603,61,162
85,27,993,614,61,151
85,28,1025,602,66,145
85,29,1134,627,61,136
85,30,1093,602,55,129
85,31,1137,658,84,163
85,32,1204,684,54,116
85,33,1190,645,73,190
85,34,1173,695,74,203
85,35,1191,572,55,149
85,36,1243,602,76,184
85,37,1269,673,73,163
85,75,1333,522,45,71
85,77,1279,480,54,97
85,78,1330,468,65,108
85,79,551,426,100,284
85,80,470,468,112,305
85,81,635,394,82,257
85,82,698,380,66,232
85,83,1278,529,160,310
85,84,1451,543,60,95
85,85,1061,472,46,119
85,86,1863,710,56,368
85,87,1465,600,160,71
85,88,1319,412,221,61
86,1,361,761,140,268
86,2,511,754,124,267
86,3,573,733,104,259
86,4,1818,816,100,250
86,5,631,820,97,221
86,6,735,821,93,206
86,7,1411,740,116,242
86,8,1432,662,76,221
86,9,1281,637,58,182
86,10,1524,550,52,100
86,11,1357,504,58,82
86,12,1314,643,78,211
86,13,1571,653,81,178
86,14,1215,657,66,193
86,15,1264,701,80,190
86,16,1261,607,65,178
86,17,789,522,45,106
86,18,811,508,50,118
86,19,814,555,49,134
86,20,888,548,50,134
86,21,919,516,54,122
86,22,952,494,58,136
86,23,956,530,53,124
86,24,885,606,67,170
86,25,1260,633,57,169
86,26,928,604,61,162
86,27,993,614,61,151
86,28,1025,600,66,145
86,29,1135,628,61,136
86,30,1094,603,55,129
86,31,1139,660,84,163
86,32,1205,686,54,116
86,33,1191,647,73,190
86,34,1174,697,74,203
86,35,1194,574,55,149
86,36,1243,601,76,184
86,37,1270,673,73,163
86,75,1331,522,45,71
86,77,1278,480,54,97
86,78,1330,467,65,108
86,79,550,426,100,284
86,80,469,469,112,305
86,81,634,394,82,257
86,82,697,379,66,232
86,83,1277,528,160,310
86,84,1450,542,60,95
86,85,1061,472,46,119
86,86,1863,711,56,368
86,87,1463,599,160,71
86,88,1318,411,221,61
87,1,360,759,140,268
87,2,510,753,124,267
87,3,575,731,104,259
87,4,1817,814,100,250
87,5,626,819,97,221
87,6,735,820,93,206
87,7,1415,739,116,242
87,8,1433,661,76,221
87,9,1283,635,58,182
87,10,1524,548,52,100
87,11,1358,502,58,82
87,12,1312,640,78,211
87,13,1570,654,81,178
87,14,1217,658,66,193
87,15,1267,701,80,190
87,16,1262,604,65,178
87,17,789,522,45,106
87,18,812,506,50,118
87,19,814,554,49,134
87,20,889,548,50,134
87,21,920,516,54,122
87,22,954,493,58,136
87,23,958,529,53,124
87,24,887,605,67,170
87,25,1270,630,57,169
87,26,930,602,61,162
87,27,994,612,61,151
87,28,1028,598,66,145
87,29,1139,629,61,136
87,30,1094,602,55,129
87,31,1141,660,84,163
87,32,1207,686,54,116
87,33,1193,647,73,190
87,34,1176,697,74,203
87,35,1197,574,55,149
87,36,1243,598,76,184
87,37,1274,668,73,163
87,75,1332,520,45,71
87,77,1278,478,54,97
87,78,1331,466,65,108
87,79,550,424,100,284
87,80,469,467,112,305
87,81,634,394,82,257
87,82,697,377,66,232
87,83,1277,527,160,310
87,84,1450,541,60,95
87,85,1061,471,46,119
87,86,1863,707,56,368
87,87,1464,598,160,71
87,88,1319,409,221,61
88,1,362,757,140,268
88,2,511,751,124,267
88,3,575,730,104,259
88,4,1817,812,100,250
88,5,624,821,97,221
88,6,735,820,93,206
88,7,1416,739,116,242
88,8,1439,661,76,221
88,9,1285,635,58,182
88,10,1523,548,52,100
88,11,1357,502,58,82
88,12,1313,639,78,211
88,13,1570,651,81,178
88,14,1218,657,66,193
88,15,1267,699,80,190
88,16,1264,606,65,178
88,17,789,522,45,106
88,18,812,505,50,118
88,19,814,554,49,134
88,20,890,549,50,134
88,21,921,517,54,122
88,22,955,492,58,136
88,23,959,528,53,124
88,24,887,605,67,170
88,25,1272,629,57,169
88,26,929,601,61,162
88,27,995,612,61,151
88,28,1029,597,66,145
88,29,1141,629,61,136
88,30,1094,602,55,129
88,31,1145,659,84,163
88,32,1209,686,54,116
88,33,1195,647,73,190
88,34,1178,697,74,203
88,35,1198,578,55,149
88,36,1242,598,76,184
88,37,1272,669,73,163
88,75,1332,519,45,71
88,77,1277,477,54,97
88,78,1331,465,65,108
88,79,549,424,100,284
88,80,469,466,112,305
88,81,633,392,82,257
88,82,697,377,66,232
88,83,1277,525,160,310
88,84,1449,540,60,95
88,85,1060,470,46,119
88,86,1863,711,56,368
88,87,1464,597,160,71
88,88,1319,409,221,61
89,1,361,757,140,268
89,2,512,748,124,267
89,3,575,729,104,259
89,4,1816,811,100,250
89,5,622,822,97,221
89,6,734,821,93,206
89,7,1412,736,116,242
89,8,1440,661,76,221
89,9,1287,633,58,182
89,10,1523,547,52,100
89,11,1357,501,58,82
89,12,1308,639,78,211
89,13,1571,649,81,178
89,14,1221,658,66,193
89,15,1269,697,80,190
89,16,1261,603,65,178
89,17,790,520,45,106
89,18,813,504,50,118
89,19,814,553,49,134
89,20,890,549,50,134
89,21,920,516,54,122
89,22,954,491,58,136
89,23,960,528,53,124
89,24,888,605,67,170
89,25,1273,628,57,169
89,26,930,601,61,162
89,27,994,612,61,151
89,28,1031,597,66,145
89,29,1144,628,61,136
89,30,1095,601,55,129
89,31,1148,659,84,163
89,32,1211,687,54,116
89,33,1197,648,73,190
89,34,1181,699,74,203
89,35,1202,582,55,149
89,36,1244,597,76,184
89,37,1277,669,73,163
89,75,1331,518,45,71
89,77,1277,476,54,97
89,78,1331,464,65,108
89,79,549,422,100,284
89,80,468,465,112,305
89,81,633,392,82,257
89,82,696,376,66,232
89,83,1277,525,160,310
89,84,1449,540,60,95
89,85,1059,469,46,119
89,86,1863,711,56,368
89,87,1463,596,160,71
89,88,1318,408,221,61
90,1,363,753,140,268
90,2,513,745,124,267
90,3,577,728,104,259
90,4,1816,812,100,250
90,5,621,828,97,221
90,6,734,823,93,206
90,7,1419,737,116,242
90,8,1439,659,76,221
90,9,1289,633,58,182
90,10,1522,546,52,100
90,11,1356,500,58,82
90,12,1308,643,78,211
90,13,1570,647,81,178
90,14,1224,659,66,193
90,15,1273,694,80,190
90,16,1258,602,65,178
90,17,790,518,45,106
90,18,814,503,50,118
90,19,814,552,49,134
90,20,890,549,50,134
90,21,921,514,54,122
90,22,954,490,58,136
90,23,962,526,53,124
90,24,888,606,67,170
90,25,1275,627,57,169
90,26,931,602,61,162
90,27,994,612,61,151
90,28,1030,599,66,145
90,29,1145,628,61,136
90,30,1096,598,55,129
90,31,1151,658,84,163
90,32,1213,688,54,116
90,33,1199,648,73,190
90,34,1182,698,74,203
90,35,1206,576,55,149
90,36,1242,595,76,184
90,37,1277,667,73,163
90,75,1330,517,45,71
90,77,1276,474,54,97
90,78,1330,463,65,108
90,79,549,420,100,284
90,80,468,464,112,305
90,81,633,390,82,257
90,82,695,375,66,232
90,83,1277,523,160,310
90,84,1448,538,60,95
90,85,1058,468,46,119
90,86,1863,711,56,368
90,87,1462,595,160,71
90,88,1318,407,221,61
91,1,364,750,140,268
91,2,512,743,124,267
91,3,578,728,104,259
91,4,1817,812,100,250
91,5,619,824,97,221
91,6,733,825,93,206
91,7,1420,736,116,242
91,8,1441,660,76,221
91,9,1291,634,58,182
91,10,1522,545,52,100
91,11,1356,500,58,82
91,12,1309,643,78,211
91,13,1571,647,81,178
91,14,1227,658,66,193
91,15,1272,695,80,190
91,16,1257,602,65,178
91,17,791,515,45,106
91,18,815,503,50,118
91,19,814,551,49,134
91,20,890,548,50,134
91,21,923,516,54,122
91,22,954,490,58,136
91,23,964,527,53,124
91,24,888,605,67,170
91,25,1273,626,57,169
91,26,931,602,61,162
91,27,996,614,61,151
91,28,1034,598,66,145
91,29,1149,627,61,136
91,30,1097,597,55,129
91,31,1154,658,84,163
91,32,1215,688,54,116
91,33,1202,648,73,190
91,34,1185,698,74,203
91,35,1209,576,55,149
91,36,1242,595,76,184
91,37,1277,666,73,163
91,75,1330,516,45,71
91,77,1276,474,54,97
91,78,1331,463,65,108
91,79,548,420,100,284
91,80,467,463,112,305
91,81,633,389,82,257
91,82,695,374,66,232
91,83,1276,523,160,310
91,84,1448,538,60,95
91,85,1058,468,46,119
91,86,1863,711,56,368
91,87,1462,594,160,71
91,88,1317,406,221,61
