1760 0.5339494307429171 9.414523330774568
1793 0.3486776658355481 12.608211397551718
1828 0.25476116595115367 15.42133312154966
1831 0.6175179250674497 28.504815701930752
1838 0.41768659002814096 34.689766658147256
1872 0.5702925030751282 15.648374051940179
1893 0.7889879704090871 1.7133515764688099
1898 0.17527759137064985 14.14934762424849
1903 0.35580449610342973 14.748583585837629
1905 0.6651490309636047 10.749190750833776
1906 0.4576456389939436 13.34847025249492
1911 0.6147512659603201 6.462651303326286
1917 0.38139201950968066 17.319952366345312
1936 0.434597942340492 18.44190181143547
1937 0.24824014805995612 41.82901032274396
1938 0.5312423732070594 15.01561792391171
1939 0.4278131048489865 13.199889195527303
1940 0 0
1941 0.8890338665330652 0.9895428284403945
1944 0.5458575859067675 39.201122747988634
1946 0.11265344579712208 18.14677135625924
1951 0.8951192758757786 2.403899292280226
1953 0.41296143706662264 19.704204932021252
1954 0.10795127570716063 14.557710866251647
1955 0.5270146736273723 40.42632514339554
1957 0.575767627677875 21.9113187214232
1958 0.460900991345495 15.120715921948696
1960 0.5830674369551436 10.54997344866316
1961 0.5536292787122002 8.245868686878078
1962 0.641021757212043 13.704401160164261
1963 0.44241609080902705 13.201293584508523
1968 0.44285395827425117 30.857275615628172
1969 0.3226894231403646 17.57893591513542
1974 0.37443840719255894 18.464096614386023
1977 0.3068922237020886 30.004262686071012
1978 0.4932161890326597 73.67026703050917
1982 0.4529632683214766 36.9935982253422
1986 0.5780074215290433 6.1362161383483125
1920 0.1651197342820672 17.094944157037105
1965 0.3202481239016212 47.883448124685415
1976 0.14374074523074531 25.47979537828755
1985 0.07553757941594362 19.22099584986324
2000 0.793171742622006 3.2959295330224476
1924 0 0
1878 0 0
1995 0 0
1975 0 0
2011 0 0
1999 0 0
1997 0 0
