1775 0.6125306967940856 6.5805315657255194
1801 0.8213265461090128 1.5087631808684856
1833 0.6442689116105826 33.56719080630869
1845 0.6656542127106125 3.590603454051393
1895 0.6447681681863788 9.026243930254548
1896 0.618436561585915 5.650373696068813
1897 0.7004470212195583 7.841816927580647
1971 0.6717592161485872 14.597454346062968
1992 0.47151414232864053 9.869758250152325
1993 0.6585165919963788 6.818330590183441
1994 0.6202032175093625 5.028604707165115
1880 0.5486407802167657 8.483962586434613
1950 0 0
1983 0 0
1926 0 0
1867 0 0
