1768 0.4783044599646389 14.481492846363201
1775 0.5785685337128026 5.441042783778079
1801 0.515304446491833 6.908257405208515
1833 0.4314600161930545 14.731852141861802
1853 0.6525188788848332 9.150160623072626
1867 0.5123706985191706 8.781231316117243
1880 0.2927767906612165 12.406766829159825
1895 0.5199921059330195 4.762824420911488
1896 0.06805043041185169 17.95368281828654
1897 0.1038961038961039 13.583077707206124
1921 0.6482437537500156 23.8041737815171
1926 0.5342825511964212 12.372321542590555
1933 0.6082961887147298 7.710024707125408
1943 0.4029861222403627 17.167539505362953
1950 0.2674857489939992 26.197008524709023
1967 0.61866697483418 11.887784739978365
1971 0.5335148701742052 6.731585095160996
1972 0.6036434411235092 6.627277977038966
1983 0.34468559775805746 19.299842722355006
1996 0.641110981143681 17.005382240803605
2003 0.5794065854835926 26.877323749631184
2005 0.2340856123624186 19.898348181544538
1864 0.5538071299752082 9.942518396043917
2009 0.3218750920351419 9.414070755132675
1823 0.41654095637294436 81.20619748790436
1884 0 0
1989 0 0
1993 0 0
1804 0 0
