1760 0.21314061529615091 28.22273271458297
1793 0.5318993605918665 8.329663586888586
1828 0.3936209434949469 11.63747997376054
1831 0.6056515570988626 53.79068031069268
1838 0.444197993042443 33.81259580795101
1872 0.2697846726593027 39.32948556377869
1893 0.5689737303676274 7.480678180674729
1898 0.21828732479628044 19.3365267379429
1903 0.41153082965882903 13.310755961749754
1905 0.46587524572430267 16.537585147496834
1906 0.4913084576795218 17.1620719859631
1911 0.44432879644547124 21.73441434812082
1917 0.6043324841386577 7.136671723657992
1936 0.4375413402585575 23.768902317233035
1937 0.4312450606405325 15.102526586405755
1938 0.39849063968687953 22.890239469398377
1939 0.22211391107500963 29.760016741392008
1940 0 0
1941 0.7630221203185961 4.856654945713585
1944 0.46536809805934426 44.6397067882366
1946 0.09585789519176702 18.86933821573815
1951 0.8241795574106175 3.97012439172405
1953 0.3392415387735655 32.645191102243736
1954 0 0
1955 0.5216675995326531 39.47595923071
1957 0.5840056485093885 21.66932791275285
1958 0.21967900901075577 32.12014300730552
1960 0.5679021856505211 8.141096266210361
1961 0.5639225454428642 9.55452847920537
1962 0.6922803709483937 9.036381788271541
1963 0.46909950255955735 14.503343035907236
1968 0.5070727166066998 23.16218995081288
1969 0.6188571267915919 10.330047159420916
1974 0.3455777050238219 27.06935299332435
1977 0.251809168972932 23.147558216777416
1978 0.4806474485844622 73.84492888270846
1982 0.5555454176148878 29.18372453060572
1986 0.5015451381020785 9.559036307464948
1920 0.11091789650096665 17.73856196982692
1965 0.33342842382827215 46.4546591232829
1976 0.02180396600976056 42.443259978399446
1985 0.07713796500048178 18.652770748037373
2000 0.43927346751862917 7.758492202733218
1924 0 0
1878 0 0
1995 0 0
1975 0 0
2011 0 0
1999 0 0
1997 0 0
