1768 0.4388736123797961 16.098564915821495
1775 0.47880574684682586 7.677788688035482
1801 0.36918477902310604 10.18743075762882
1833 0.39967060050680475 15.78037008509502
1853 0.649722767779678 10.317274971772955
1867 0.5160252581092797 8.788110406828975
1880 0.29895058902845184 12.053048130930751
1895 0.5534379733613665 5.062076690785426
1896 0.09629092049902838 16.67944174862257
1897 0.1724137931034483 12.0
1921 0.6699944576351534 17.91317477387081
1926 0.4183120253363838 17.815065240210863
1933 0.4803904541888898 10.077737320174094
1943 0.3873715053923245 17.34894287170131
1950 0.4873217963143619 9.495037204021665
1967 0.5843593639466994 13.758935527538199
1971 0.41336631542191843 10.16318539611679
1972 0.5898923724209978 6.4375340146683095
1983 0.41864108486682583 14.650494250462158
1996 0.6183740358192792 23.222679525914305
2003 0.4374970038784358 45.73650206315402
2005 0.2353979403210009 20.382783036106698
1864 0.4105963886236897 11.513520011112687
2009 0.4080917177583491 4.918237176444419
1823 0.38353255554729926 91.45309828524145
1884 0 0
1989 0 0
1993 0 0
1804 0 0
