1768 0.4097020606368253 16.415552052389085
1775 0.41658143672479697 8.751844973148344
1801 0.4482220606110712 8.224527485224973
1833 0.3908562837034996 15.294251242241888
1853 0.5352608944262539 14.677843947297422
1867 0.42580076992467447 10.494910596958556
1880 0.2433679767652631 14.522817440462612
1895 0.5534379733613665 5.062076690785426
1896 0.09629092049902838 16.67944174862257
1897 0.1724137931034483 12.0
1921 0.3485890692139863 52.683699879435295
1926 0.37926604126597957 19.767852551255306
1933 0.3681449516461108 12.901147265568106
1943 0.3816038022407274 17.623053437713512
1950 0.43137013532887136 10.779532696240796
1967 0.31965537534079774 31.178725012741253
1971 0.4568503033542437 10.108280148439846
1972 0.5898923724209978 6.4375340146683095
1983 0.4160293050081934 14.93692430311242
1996 0.3561727116142062 41.89726157153128
2003 0.4726353532801422 41.49271871884345
2005 0.21437461798581428 21.30649808024806
1864 0.33086795342763275 14.572646773824395
2009 0.4134237475320163 5.446651082210786
1823 0.3563823337133702 102.11588088659663
1884 0 0
1989 0 0
1993 0 0
1804 0 0
