1768 0.5578489083832837 11.55248894175839
1775 0.6991633167847418 2.777757231061399
1801 0.36587395584704563 9.991443763961787
1833 0.6375744727284185 7.6793551160918945
1853 0.5523446148276047 16.00881241125957
1867 0.45287656257487524 9.775913279325222
1880 0.35528491190759237 8.035725647027284
1895 0.6018536200916464 4.101269918367285
1896 0.09870227780469992 16.459901004822488
1897 0.1724137931034483 12.0
1921 0.6635475679771203 7.452778446953639
1926 0.6702681139493558 4.57540998974447
1933 0.6642836029281918 5.477767541010718
1943 0.2534676634562105 21.133754307263423
1950 0.6940910236086967 3.2402940037702823
1967 0.551473603800534 8.59497146237702
1971 0.48938959221284606 7.653080897852773
1972 0.5698345213277601 7.185104057804845
1983 0.6942494890906538 5.472735558360916
1996 0.6995300076726122 12.467574087772697
2003 0.6508568742313044 19.07736268475346
2005 0.2221699705964547 22.635831730452914
1864 0.6464159012963088 4.89644694822803
2009 0.28507765523297107 9.37054997090536
1823 0.2829007115630299 106.82417000698177
1884 0 0
1989 0 0
1993 0 0
1804 0 0
