1775 0.5495098610933113 20.67382486357524
1801 0.755022445580848 6.012938119002222
1833 0.4845748699980891 38.959417637767444
1845 0.4071336606697313 9.906288092801804
1895 0.5854392428870043 14.018656390974106
1896 0.4210021019607431 17.467465674983323
1897 0.7431036088005648 5.96126811061625
1971 0.44316969755702235 61.02535532161122
1992 0.4522907346627457 9.092794837449354
1993 0.45611383396104593 11.731122400083473
1994 0.564421811088292 6.902024818026463
1880 0.43265853966328166 16.66296652139878
1950 0 0
1983 0 0
1926 0 0
1867 0 0
