1760 0.6576400599186406 2.5841474039093084
1793 0.5249587130581517 8.021321941663071
1828 0.2900903032772189 13.559797863222375
1831 0.5639259495716763 26.04734434894218
1838 0.3770183294339673 17.530679657376538
1872 0.6893476781799236 6.850295762667457
1893 0.46114829515049255 7.216247919996986
1898 0.15943118736684206 15.066971897317426
1903 0.37567100817211113 13.882188803236772
1905 0.5997310032193753 15.95521173844254
1906 0.6425228547143953 6.132692270814442
1911 0.7898406372065858 9.091415876077184
1917 0.42652322854554875 9.93841300348403
1936 0.4766233276725118 15.909965019265606
1937 0.6366018520259098 6.567387955694378
1938 0.6535053462029639 12.249432939304821
1939 0.6829427108364454 4.957286052619334
1940 0 0
1941 0.7991843150670064 2.492327123804092
1944 0.43074543457641457 19.196504012186857
1946 0.11695818087865456 17.77184431606004
1951 0.8111506257276883 4.721908750426478
1953 0.3938444804758324 33.09265544728877
1954 0.10861057800226405 14.870833934183686
1955 0.25469859612346263 69.58899340014035
1957 0.6486595374952121 12.272008988974289
1958 0.6102716032697565 5.359624180676593
1960 0.7848847965380422 3.2449851322743917
1961 0.4396284836221895 5.683905314149814
1962 0.6374206201551151 4.126957661595039
1963 0.5607851849337709 6.218726076866731
1968 0.33312025667092565 14.595539838573755
1969 0.7075759392141477 3.846086021216141
1974 0.417329783778575 20.015941617489975
1977 0.2957540416852091 11.387451108411758
1978 0.5556179042235634 62.37874550787412
1982 0.6553343813813376 17.425884935450203
1986 0.6391404963763386 4.750234621159044
1920 0.15755154939267216 17.06196962184366
1965 0.3005505394514457 50.00240851736547
1976 0.14461071412132354 25.085204390991375
1985 0.07694157239997741 19.160685820061474
2000 0.7468193353511383 3.5414407194322925
1924 0 0
1878 0 0
1995 0 0
1975 0 0
2011 0 0
1999 0 0
1997 0 0
