1760 0.4256062542411678 12.511016226892847
1793 0.38949140119847403 12.077865501477401
1828 0.25476116595115367 15.42133312154966
1831 0.4401779588862902 52.228636985739264
1838 0.4204725111074952 58.787714693445146
1872 0.4715288450194478 25.338547117167742
1893 0.38553953493015614 32.92454544877411
1898 0.1665276016961397 14.502270884006577
1903 0.38588542190527636 13.655047080788298
1905 0.46360093674090785 17.234183833721858
1906 0.31747994381780115 18.12539482019612
1911 0.5836141687499138 14.067858752593127
1917 0.4976245634840646 12.284685390814193
1936 0.41647944802259174 19.609849278392897
1937 0.18111170936144574 46.196998291771344
1938 0.406201240000114 24.48653218411068
1939 0.446067947191768 12.076433316162392
1940 0 0
1941 0.8126233101106203 3.978956281822139
1944 0.5747591885718075 41.40085410084745
1946 0.11265344579712208 18.14677135625924
1951 0.8720376777422655 2.224041589801128
1953 0.4229336468813626 18.613779594427236
1954 0.09723453044407711 15.849158330530553
1955 0.5276980286991296 46.10215864684633
1957 0.3477955514454054 59.834549759113735
1958 0.26373301369355323 30.316247199093976
1960 0.5383380848990564 22.639794030497953
1961 0.35053204959416323 14.430737072879934
1962 0.38736882332263206 28.922958831503212
1963 0.41829763750234195 13.934908627188639
1968 0.29186706332362294 66.90491010471693
1969 0.32433941763117696 17.761647952625434
1974 0.3735280592624219 19.491287272032054
1977 0.3285984164649354 28.999858640182367
1978 0.44781374158577025 81.34802298337986
1982 0.6907018576611845 12.071262957210674
1986 0.4153443706682629 10.218664262815642
1920 0.16637697949906427 16.822512555303963
1965 0.3036511194798866 50.63660170152595
1976 0.14374074523074531 25.47979537828755
1985 0.07553757941594362 19.22099584986324
2000 0.778383410664031 4.455423604185959
1924 0 0
1878 0 0
1995 0 0
1975 0 0
2011 0 0
1999 0 0
1997 0 0
