1775 0.7754582317379461 2.2214003462511847
1801 0.796738770632614 3.405964339026119
1833 0.45691256607147823 36.27071753523846
1845 0.7270591480838666 3.301022320396275
1895 0.8018581899753684 2.8410505810765843
1896 0.6770475407923509 6.18235209873009
1897 0.6747842202081671 7.912909482420711
1971 0.38948301147679976 91.80770459477527
1992 0.5618402592818924 8.008275186173943
1993 0.5732121194823357 11.534599780316285
1994 0.582292244991296 5.636453899966617
1880 0.6183338642062421 7.6742338757295725
1950 0 0
1983 0 0
1926 0 0
