1768 0.6020727768319114 10.618495057990678
1775 0.6504101418365922 4.325913235526653
1801 0.37125913764830154 9.823008341210382
1833 0.5214214438187557 11.07285727204322
1853 0.5580929303539798 18.653395310201994
1867 0.37043511867809026 22.895526573816007
1880 0.28897467788132586 11.33262654964279
1895 0.20517750066325172 15.088819347015534
1896 0.09629092049902838 16.67944174862257
1897 0 0
1921 0.7110463211082046 9.405827878993618
1926 0.41300121788320154 17.572974951795224
1933 0.4833662635080644 12.371309893866602
1943 0.371217105776786 17.991300087654622
1950 0.4530898522760747 9.31715386600407
1967 0.48698306197774266 18.882478852312598
1971 0.33330105133382054 23.489386518541583
1972 0.3773492318354461 25.6735606735384
1983 0.643335872331365 5.999983026253465
1996 0.5997439320966603 14.615831309186495
2003 0.4322611966028324 47.07450250326888
2005 0.26495755832069257 19.152733061816882
1864 0.627566628194887 6.276905729833309
2009 0.35905200204107035 7.770819556344807
1823 0.3183748558948328 128.79988773187992
1884 0 0
1989 0 0
1993 0 0
1804 0 0
