1760 0.35683884348115313 23.966398429666082
1793 0.39150667341795176 11.759745312788159
1828 0.14775748957670648 26.605573655352
1831 0.7862712181596805 20.699427173835335
1838 0.4248148026182082 41.0124907527803
1872 0.7266417376737737 5.821608018771127
1893 0.7835517370363596 5.11714274499456
1898 0.28389214686596903 13.64612514126586
1903 0.3995822210540366 13.665349094957024
1905 0.6809549753858161 8.577396708724951
1906 0.6906503585079494 4.879686703459375
1911 0.5829324038614625 10.461978685552161
1917 0.48860431528825926 13.144677070190898
1936 0.6151931178888238 7.451735998411443
1937 0.6551683483871179 7.385335812192376
1938 0.3889876791182773 23.0627389882512
1939 0.5627962698100245 8.468319224162347
1940 0 0
1941 0.8758999713358392 1.7012204465725942
1944 0.47519836530821047 38.175964670184875
1946 0.1692130170237431 14.931343767015822
1951 0.8328170802986408 4.905034554084793
1953 0.6217627275799557 8.640258061426055
1954 0.09723453044407711 15.849158330530553
1955 0.6047459269571549 12.344242873749758
1957 0.6570557587381629 15.752906006874548
1958 0.4803004042433074 13.629038296146804
1960 0.5775450288817007 7.922074697971704
1961 0.45941140440505157 17.7902477486597
1962 0.6856791992191075 3.016277486280002
1963 0.5603874126139503 10.368543730736024
1968 0.5969961649728085 7.379414867060838
1969 0.43230038594766546 15.89974535503151
1974 0.6236516112911215 6.976866380664258
1977 0.23614048560192535 20.446254523658272
1978 0.584695523466337 50.42059162054075
1982 0.564469347614778 20.894904735584074
1986 0.45584819277094873 11.440743202362862
1920 0.16966933009049148 19.91188794143877
1965 0.4347336499786478 47.031843591633525
1976 0.14636532346633946 15.687387823156032
1985 0.08266095872529772 18.226713768925503
2000 0 0
1924 0 0
1878 0 0
1995 0 0
1975 0 0
2011 0 0
1999 0 0
1997 0 0
