1775 0.6270612012398884 11.989716410052665
1801 0.775370427225163 6.306030106040104
1833 0.4853998197670789 38.494864676436286
1845 0.5484610400716649 7.289553508084569
1895 0.4580341180458731 21.25979367639795
1896 0.5095793590998781 15.85377147997289
1897 0.5515117272277267 13.192775469574615
1971 0.5213414256079326 41.12464106268571
1992 0.4694456965388338 12.447798104021517
1993 0.2947158278807125 19.83603963117884
1994 0.4968792729200478 11.562533145313695
1880 0.4092843425253476 21.276338040430804
1950 0 0
1983 0 0
1926 0 0
1867 0 0
