1733 1
1842 1
1862 1
1984 1
2006 1
1760 1
1793 1
1828 1
1831 1
1838 1
1872 1
1893 1
1898 1
1903 1
1905 1
1906 1
1911 1
1917 1
1936 1
1937 1
1938 1
1939 1
1940 1
1941 1
1944 1
1946 1
1951 1
1953 1
1954 1
1955 1
1957 1
1958 1
1960 1
1961 1
1962 1
1963 1
1968 1
1969 1
1974 1
1977 1
1978 1
1982 1
1986 1
1920 1
1965 1
1976 1
1985 1
2000 1
1924 1
1878 1
1995 1
1975 1
2011 1
1999 1
1997 1
1768 1
1775 1
1801 1
1833 1
1853 1
1867 1
1880 1
1895 1
1896 1
1897 1
1921 1
1926 1
1933 1
1943 1
1950 1
1967 1
1971 1
1972 1
1983 1
1996 1
2003 1
2005 1
1864 1
2009 1
1823 1
1884 1
1989 1
1993 1
1804 1
1845 1
1992 1
1994 1
