1,1760,552,64,24,45
1,1793,1231,53,16,42
1,1828,1854,0,20,35
1,1831,1616,683,85,128
1,1838,1526,356,41,85
1,1872,1118,100,24,45
1,1893,1437,86,24,48
1,1898,868,0,9,30
1,1903,1594,24,20,43
1,1905,1800,21,24,39
1,1906,690,132,20,61
1,1911,1177,224,28,66
1,1917,175,68,24,43
1,1936,506,72,24,48
1,1937,558,116,28,50
1,1938,556,221,34,44
1,1939,594,76,20,48
1,1940,1998,110,20,57
1,1941,1458,32,20,40
1,1944,1200,474,59,110
1,1946,1948,138,20,38
1,1951,1432,120,24,54
1,1953,1099,115,24,48
1,1954,1442,4,20,48
1,1955,1433,555,59,113
1,1957,1504,421,59,116
1,1958,2066,72,20,66
1,1960,1206,306,41,93
1,1961,650,25,28,51
1,1962,1202,214,34,79
1,1963,418,92,20,46
1,1968,1478,313,49,87
1,1969,1404,33,16,42
1,1974,1299,54,30,42
1,1976,0,82,24,37
1,1977,3172,171,20,93
1,1978,1341,851,103,170
1,1982,413,358,49,97
1,1986,1608,0,20,62
2,1760,552,64,24,45
2,1793,1230,52,16,42
2,1828,1850,6,20,35
2,1831,1616,683,85,128
2,1838,1526,356,41,84
2,1872,1118,100,23,45
2,1893,1437,86,23,47
2,1898,867,0,9,30
2,1903,1592,16,20,43
2,1905,1800,21,23,39
2,1906,692,120,20,61
2,1911,1183,213,28,66
2,1917,175,68,24,43
2,1936,511,72,24,48
2,1937,558,116,28,50
2,1938,556,220,35,45
2,1939,594,76,20,48
2,1940,1998,115,20,57
2,1941,1456,28,20,40
2,1944,1200,474,59,110
2,1946,2088,0,20,38
2,1951,1430,120,24,54
2,1953,1099,115,24,48
2,1954,1442,0,20,48
2,1955,1433,555,59,113
2,1957,1504,420,59,116
2,1958,2066,72,20,66
2,1960,1206,306,41,93
2,1961,653,25,28,51
2,1962,1206,221,34,79
2,1963,416,96,20,46
2,1968,1478,313,49,87
2,1969,1760,35,20,52
2,1974,1299,53,30,42
2,1976,0,82,24,37
2,1977,3174,171,20,93
2,1978,1310,851,103,170
2,1982,413,358,49,96
2,1986,1608,0,20,62
3,1760,552,64,24,45
3,1793,1230,52,16,42
3,1828,1850,6,20,35
3,1831,1616,683,85,128
3,1838,1526,356,41,84
3,1872,1118,100,23,45
3,1893,1437,86,24,48
3,1898,867,0,9,30
3,1903,1592,16,20,43
3,1905,1804,21,24,39
3,1906,692,120,20,61
3,1911,1183,213,28,66
3,1917,174,68,24,43
3,1936,511,71,24,48
3,1937,558,116,28,50
3,1938,556,217,34,44
3,1939,594,76,20,48
3,1940,1998,115,20,57
3,1941,1456,28,20,40
3,1944,1200,474,59,110
3,1946,2088,0,20,38
3,1951,1432,115,24,54
3,1953,1094,120,24,48
3,1954,1442,0,20,48
3,1955,1433,555,59,113
3,1957,1504,420,59,116
3,1958,2066,72,20,66
3,1960,1202,298,41,93
3,1961,657,32,24,43
3,1962,1209,221,34,79
3,1963,418,96,20,46
3,1968,1477,313,49,87
3,1969,1758,35,20,52
3,1974,1300,53,30,42
3,1976,0,82,24,37
3,1977,3176,180,20,93
3,1978,1310,851,103,170
3,1982,427,350,49,97
3,1986,1616,0,20,62
3,1920,1940,0,20,36
3,1965,486,669,20,32
4,1760,552,64,24,45
4,1793,1230,52,16,42
4,1828,1850,6,20,35
4,1831,1616,683,85,128
4,1838,1530,348,41,85
4,1872,1118,100,24,45
4,1893,1437,85,24,48
4,1898,867,0,9,30
4,1903,1592,20,20,43
4,1905,1804,21,24,39
4,1906,696,120,20,61
4,1911,1183,213,28,66
4,1917,174,68,24,43
4,1936,511,71,24,48
4,1937,558,116,29,51
4,1938,552,214,34,44
4,1939,596,76,20,48
4,1940,1998,115,20,57
4,1941,1452,28,20,40
4,1944,1200,474,59,110
4,1946,2088,3,20,38
4,1951,1430,120,24,54
4,1953,1094,119,24,48
4,1954,1442,0,20,48
4,1955,1448,559,49,94
4,1957,1516,403,59,116
4,1958,2066,72,20,66
4,1960,1202,298,41,93
4,1961,657,32,24,43
4,1962,1209,221,34,79
4,1963,420,92,20,46
4,1968,1463,306,49,87
4,1969,1756,35,20,52
4,1974,1301,53,30,42
4,1976,0,82,24,37
4,1977,3176,171,20,93
4,1978,1324,825,85,141
4,1982,428,350,49,97
4,1986,1614,12,20,62
4,1920,1938,0,20,36
4,1965,486,669,20,32
5,1760,554,61,24,45
5,1793,1230,52,16,42
5,1828,1850,6,20,35
5,1831,1616,696,85,128
5,1838,1530,348,41,84
5,1872,1118,100,23,45
5,1893,1437,85,24,49
5,1898,867,0,9,30
5,1903,1592,20,20,43
5,1905,1804,21,24,39
5,1906,694,126,20,61
5,1911,1183,214,28,65
5,1917,174,78,20,36
5,1936,513,72,24,48
5,1937,557,116,29,51
5,1938,552,221,34,44
5,1939,596,76,20,48
5,1940,1998,115,20,57
5,1941,1452,28,20,40
5,1944,1206,474,59,110
5,1946,2088,3,20,38
5,1951,1432,115,24,54
5,1953,1094,119,24,48
5,1954,1442,0,20,48
5,1955,1448,559,49,94
5,1957,1516,403,59,116
5,1958,2070,66,20,66
5,1960,1206,306,41,93
5,1961,657,32,23,43
5,1962,1209,221,34,79
5,1963,422,96,20,46
5,1968,1463,305,49,86
5,1969,1760,35,20,52
5,1974,1301,53,30,43
5,1976,0,82,24,37
5,1977,3176,171,20,93
5,1978,1324,825,85,141
5,1982,428,350,49,97
5,1986,1612,6,20,62
5,1920,1938,0,20,36
5,1965,486,672,20,32
6,1760,556,57,24,45
6,1793,1230,52,16,42
6,1828,1850,6,20,35
6,1831,1616,709,85,128
6,1838,1530,348,41,84
6,1872,1118,100,23,45
6,1893,1437,85,24,49
6,1898,867,0,9,30
6,1903,1592,20,20,43
6,1905,1804,21,24,39
6,1906,694,126,20,61
6,1911,1183,215,28,65
6,1917,170,72,24,43
6,1936,513,71,24,48
6,1937,550,116,28,50
6,1938,546,214,34,44
6,1939,592,76,20,48
6,1940,1998,115,20,57
6,1941,1452,28,20,40
6,1944,1206,474,59,110
6,1946,2088,3,20,38
6,1951,1430,120,24,54
6,1953,1094,119,24,48
6,1954,1442,0,20,48
6,1955,1453,559,49,94
6,1957,1510,421,59,116
6,1958,2070,66,20,66
6,1960,1206,306,41,93
6,1961,657,32,23,43
6,1962,1206,221,34,79
6,1963,424,92,20,46
6,1968,1463,305,49,87
6,1969,1762,35,20,52
6,1974,1302,53,30,43
6,1976,2,82,24,37
6,1977,3178,171,20,93
6,1978,1315,825,85,141
6,1982,432,350,49,97
6,1986,1614,12,20,62
6,1920,1940,0,20,36
6,1965,486,672,20,32
7,1760,556,57,24,45
7,1793,1230,52,16,42
7,1828,1850,6,20,35
7,1831,1616,709,86,129
7,1838,1530,348,41,84
7,1872,1118,100,24,45
7,1893,1437,85,24,49
7,1898,867,0,9,30
7,1903,1592,20,20,43
7,1905,1806,21,20,33
7,1906,694,126,20,61
7,1911,1184,215,28,66
7,1917,174,78,20,36
7,1936,513,72,24,48
7,1937,555,116,28,50
7,1938,549,214,34,44
7,1939,594,76,20,48
7,1940,1998,110,20,57
7,1941,1452,28,20,40
7,1944,1206,474,59,110
7,1946,2088,3,20,38
7,1951,1430,120,24,54
7,1953,1094,109,28,57
7,1954,1442,0,20,48
7,1955,1454,559,49,94
7,1957,1510,421,59,116
7,1958,2070,66,20,66
7,1960,1206,306,41,93
7,1961,657,32,23,43
7,1962,1206,220,34,79
7,1963,426,100,20,46
7,1968,1468,306,49,87
7,1969,1754,35,20,52
7,1974,1303,53,30,43
7,1976,2,82,24,37
7,1977,3176,180,20,93
7,1978,1324,825,85,141
7,1982,432,350,49,97
7,1986,1614,12,20,62
7,1920,1942,3,20,36
7,1965,486,672,20,32
8,1760,556,57,23,45
8,1793,1230,52,16,42
8,1828,1850,6,20,35
8,1831,1616,683,85,128
8,1838,1526,340,41,85
8,1872,1118,100,24,45
8,1893,1440,81,24,48
8,1898,867,0,9,30
8,1903,1590,20,20,43
8,1905,1806,21,20,33
8,1906,698,126,20,61
8,1911,1183,218,28,66
8,1917,172,68,24,43
8,1936,513,72,23,47
8,1937,555,116,28,50
8,1938,549,214,34,45
8,1939,596,76,20,48
8,1940,1998,110,20,57
8,1941,1454,28,20,40
8,1944,1206,474,59,110
8,1946,2088,3,20,38
8,1951,1437,115,24,54
8,1953,1091,115,28,57
8,1954,1442,0,20,48
8,1955,1458,559,49,94
8,1957,1504,412,59,116
8,1958,2070,66,20,66
8,1960,1206,306,41,93
8,1961,657,32,23,43
8,1962,1206,220,34,79
8,1963,426,100,19,45
8,1968,1468,305,49,87
8,1969,1762,35,20,52
8,1974,1304,53,31,43
8,1976,2,82,24,37
8,1977,3176,180,20,93
8,1978,1324,825,86,141
8,1982,432,350,49,97
8,1986,1614,12,20,62
8,1920,1942,3,20,36
8,1965,486,669,20,32
9,1760,556,57,23,45
9,1793,1230,52,16,42
9,1828,1842,6,20,35
9,1831,1626,709,71,107
9,1838,1522,348,41,85
9,1872,1118,97,24,45
9,1893,1440,81,24,48
9,1898,867,0,9,30
9,1903,1592,20,20,43
9,1905,1804,21,24,39
9,1906,698,126,20,61
9,1911,1183,219,28,66
9,1917,172,68,24,43
9,1936,513,72,24,48
9,1937,552,116,28,50
9,1938,549,217,34,44
9,1939,592,76,20,48
9,1940,1998,110,20,57
9,1941,1452,28,20,40
9,1944,1206,474,59,110
9,1946,2088,3,20,38
9,1951,1431,109,28,64
9,1953,1091,115,28,57
9,1954,1442,0,20,48
9,1955,1177,64,28,54
9,1957,1504,411,60,117
9,1958,1615,1159,24,79
9,1960,1206,290,41,93
9,1961,658,30,20,36
9,1962,1206,221,34,79
9,1963,426,96,20,46
9,1968,1467,305,49,87
9,1969,1760,25,20,52
9,1974,1304,53,31,43
9,1976,2,82,23,37
9,1977,3176,180,20,93
9,1978,1300,789,103,170
9,1982,432,350,49,97
9,1986,1614,12,20,62
9,1920,1942,3,20,36
9,1965,486,669,20,32
10,1760,556,57,23,45
10,1793,1230,52,16,42
10,1828,1842,6,20,35
10,1831,1626,709,71,107
10,1838,1522,340,41,85
10,1872,1118,100,24,45
10,1893,1434,80,28,57
10,1898,867,0,9,30
10,1903,1594,16,20,43
10,1905,1804,21,24,39
10,1906,700,120,20,61
10,1911,1183,218,28,66
10,1917,167,64,28,51
10,1936,516,72,24,48
10,1937,550,112,28,50
10,1938,549,217,34,45
10,1939,592,76,20,48
10,1940,1998,110,20,57
10,1941,1452,28,20,40
10,1944,1200,483,59,110
10,1946,2088,3,20,38
10,1951,1434,103,28,64
10,1953,1091,115,28,57
10,1954,1440,0,20,48
10,1955,1177,64,28,54
10,1957,1504,411,60,117
10,1958,1615,1159,24,79
10,1960,1206,290,41,93
10,1961,657,29,20,36
10,1962,1206,220,34,79
10,1963,426,95,20,46
10,1968,1463,306,49,87
10,1969,1756,35,20,52
10,1974,1304,52,31,44
10,1976,2,82,23,37
10,1977,1146,1224,20,93
10,1978,1300,789,103,170
10,1982,432,350,49,97
10,1986,1614,12,20,62
10,1920,1942,3,20,36
10,1965,486,669,20,32
11,1760,557,57,23,45
11,1793,1230,52,16,42
11,1828,1842,6,20,35
11,1831,1626,709,71,107
11,1838,1526,356,41,85
11,1872,1118,100,24,45
11,1893,1428,80,28,57
11,1898,867,0,9,30
11,1903,1590,20,20,43
11,1905,1804,21,24,39
11,1906,700,126,20,61
11,1911,1183,218,28,66
11,1917,167,64,28,51
11,1936,516,72,24,48
11,1937,549,112,28,50
11,1938,546,214,34,44
11,1939,594,76,20,48
11,1940,1996,110,20,57
11,1941,1452,28,20,40
11,1944,1206,474,59,110
11,1946,2088,3,20,38
11,1951,1431,109,28,64
11,1953,1091,115,28,57
11,1954,1442,0,20,48
11,1955,1180,69,28,54
11,1957,1504,411,60,117
11,1958,1615,1159,24,79
11,1960,1206,289,41,93
11,1961,658,29,19,35
11,1962,1209,214,34,79
11,1963,426,95,20,46
11,1968,1463,291,49,87
11,1969,1754,35,20,52
11,1974,1304,52,31,44
11,1976,2,82,23,37
11,1977,1148,1224,20,93
11,1978,1289,789,103,170
11,1982,432,350,49,97
11,1986,1614,12,20,62
11,1920,1942,3,20,36
11,1965,486,669,20,32
12,1760,557,57,23,45
12,1793,1230,52,16,42
12,1828,1842,6,20,35
12,1831,1599,665,103,154
12,1838,1526,356,41,84
12,1872,1118,100,24,45
12,1893,1428,80,28,57
12,1898,867,0,9,30
12,1903,1590,20,20,43
12,1905,1804,21,23,39
12,1906,704,120,20,61
12,1911,1186,218,28,66
12,1917,161,64,28,51
12,1936,516,72,24,48
12,1937,549,112,29,50
12,1938,545,214,34,45
12,1939,594,76,20,48
12,1940,1998,110,20,57
12,1941,1452,28,20,40
12,1944,1206,474,59,110
12,1946,2088,3,20,38
12,1951,1437,115,24,54
12,1953,1091,115,28,57
12,1954,1440,0,20,48
12,1955,1180,69,28,54
12,1957,1504,411,60,117
12,1958,1615,1159,24,79
12,1960,1206,289,41,93
12,1961,656,21,28,51
12,1962,1209,214,34,79
12,1963,427,96,20,46
12,1968,1463,291,49,87
12,1969,1764,40,20,52
12,1974,1304,52,32,45
12,1976,2,82,23,37
12,1977,1148,1224,20,93
12,1978,1275,761,123,204
12,1982,427,343,49,97
12,1986,1610,6,20,62
12,1920,1942,3,20,36
12,1965,486,669,20,32
13,1760,557,57,23,45
13,1793,1230,52,16,42
13,1828,1842,6,20,35
13,1831,1599,665,103,154
13,1838,1522,348,41,85
13,1872,1118,100,24,45
13,1893,1428,80,28,57
13,1898,867,0,9,30
13,1903,1590,20,20,43
13,1905,1804,21,23,39
13,1906,704,120,20,61
13,1911,1186,219,29,66
13,1917,172,78,20,36
13,1936,516,72,23,47
13,1937,1366,846,20,35
13,1938,539,207,41,53
13,1939,594,76,20,48
13,1940,1994,110,20,57
13,1941,1454,24,20,40
13,1944,1206,474,59,110
13,1946,2088,3,20,38
13,1951,1430,110,34,77
13,1953,1091,115,28,57
13,1954,1440,0,20,48
13,1955,1180,69,28,54
13,1957,1504,411,60,117
13,1958,1615,1159,24,79
13,1960,1206,289,41,93
13,1961,656,21,28,51
13,1962,1206,218,28,66
13,1963,427,96,20,46
13,1968,1463,291,49,87
13,1969,1762,35,20,52
13,1974,1304,52,32,45
13,1976,2,82,23,37
13,1977,1148,1224,20,93
13,1978,1275,761,123,204
13,1982,427,343,49,97
13,1986,1614,12,20,62
13,1920,1942,3,20,36
13,1965,486,669,20,32
14,1760,556,57,24,45
14,1793,1230,52,16,42
14,1828,1848,6,20,35
14,1831,1633,720,71,107
14,1838,1522,348,41,84
14,1872,1118,100,24,45
14,1893,1440,67,24,48
14,1898,867,0,9,30
14,1903,1592,20,20,43
14,1905,1805,21,23,39
14,1906,702,126,20,61
14,1911,1186,218,29,67
14,1917,168,75,24,43
14,1936,518,67,24,48
14,1937,6,258,20,35
14,1938,542,217,34,44
14,1939,600,68,20,48
14,1940,1994,110,20,57
14,1941,1454,24,20,40
14,1944,1206,474,59,110
14,1946,2088,3,20,38
14,1951,1430,110,34,77
14,1953,1091,120,28,57
14,1954,1438,0,20,48
14,1955,1180,69,28,54
14,1957,1492,429,59,116
14,1958,1828,840,20,66
14,1960,1209,297,34,77
14,1961,656,21,28,51
14,1962,1206,217,29,66
14,1963,430,108,20,46
14,1968,1468,298,41,72
14,1969,1764,35,20,52
14,1974,1304,51,32,46
14,1976,2,82,23,37
14,1977,1148,1224,20,93
14,1978,1275,761,123,204
14,1982,427,343,49,97
14,1986,1610,6,20,62
14,1920,1942,3,20,36
14,1965,484,666,20,32
15,1760,556,57,23,45
15,1793,1230,52,16,42
15,1828,1848,6,20,35
15,1831,1633,720,71,107
15,1838,446,393,24,49
15,1872,1118,100,23,45
15,1893,1431,86,28,57
15,1898,867,0,9,30
15,1903,1590,16,20,43
15,1905,1805,21,23,39
15,1906,704,126,20,61
15,1911,1186,218,29,67
15,1917,168,75,24,43
15,1936,518,67,23,47
15,1937,6,258,20,35
15,1938,542,221,34,44
15,1939,600,68,20,48
15,1940,1994,110,20,57
15,1941,1454,24,19,39
15,1944,1206,474,59,110
15,1946,2088,3,20,38
15,1951,1430,110,34,77
15,1953,1091,120,28,57
15,1954,1438,0,20,48
15,1955,1180,60,28,54
15,1957,1498,403,59,116
15,1958,1826,835,24,79
15,1960,1206,306,41,93
15,1961,656,21,28,51
15,1962,1206,217,29,67
15,1963,430,107,20,46
15,1968,1468,298,41,72
15,1969,1764,35,20,52
15,1974,1304,51,33,46
15,1976,2,82,23,36
15,1977,1148,1224,20,93
15,1978,1275,761,123,204
15,1982,418,348,41,80
15,1986,1608,6,20,62
15,1920,1944,3,20,36
15,1965,484,666,20,32
16,1760,556,57,24,45
16,1793,1230,52,16,42
16,1828,1842,6,20,35
16,1831,1624,734,59,89
16,1838,448,396,20,41
16,1872,1118,101,23,45
16,1893,1431,86,28,57
16,1898,867,0,9,30
16,1903,158,732,34,74
16,1905,1804,24,20,33
16,1906,706,126,20,61
16,1911,1186,219,29,67
16,1917,167,75,24,43
16,1936,518,67,23,47
16,1937,6,258,20,35
16,1938,542,217,34,44
16,1939,600,68,20,48
16,1940,1998,110,20,57
16,1941,1454,24,20,40
16,1944,1206,474,59,110
16,1946,2088,3,20,38
16,1951,1437,115,24,54
16,1953,1091,120,28,57
16,1954,1440,0,20,48
16,1955,1195,518,28,54
16,1957,1498,403,59,116
16,1958,898,474,20,66
16,1960,1206,306,41,93
16,1961,657,25,24,43
16,1962,1209,214,34,79
16,1963,432,108,20,46
16,1968,1468,298,49,87
16,1969,1758,40,20,52
16,1974,1304,51,33,47
16,1976,2,82,23,36
16,1977,1148,1224,20,93
16,1978,1275,761,123,204
16,1982,418,348,41,80
16,1986,1614,12,20,62
16,1920,1944,3,20,36
16,1965,484,669,20,32
17,1760,556,57,24,45
17,1793,1230,52,16,42
17,1828,1842,6,20,35
17,1831,1624,734,60,90
17,1838,204,408,20,41
17,1872,1118,101,23,45
17,1893,1440,91,24,48
17,1898,867,0,9,30
17,1903,158,732,34,74
17,1905,1804,24,20,33
17,1906,706,126,20,61
17,1911,1186,236,28,66
17,1917,167,75,24,43
17,1936,518,72,24,48
17,1937,1240,30,20,35
17,1938,542,217,34,45
17,1939,602,64,20,48
17,1940,1992,108,24,68
17,1941,1454,24,19,39
17,1944,1206,474,59,110
17,1946,2088,3,20,38
17,1951,1437,115,24,54
17,1953,1092,103,34,69
17,1954,1440,0,20,48
17,1955,1195,514,28,54
17,1957,1487,412,59,116
17,1958,898,474,20,66
17,1960,1206,306,41,93
17,1961,657,25,23,43
17,1962,1209,214,34,79
17,1963,432,107,20,46
17,1968,1463,298,41,72
17,1969,1758,40,20,52
17,1974,1304,51,34,47
17,1976,2,82,23,36
17,1977,1148,1224,20,93
17,1978,1275,743,123,204
17,1982,423,335,49,97
17,1986,1614,12,20,62
17,1920,1942,3,20,36
17,1965,484,669,20,32
18,1760,556,57,24,45
18,1793,1230,52,16,42
18,1828,1842,6,20,35
18,1831,1624,734,59,89
18,1838,203,407,20,41
18,1872,1118,101,23,45
18,1893,1439,90,24,48
18,1898,867,0,9,30
18,1903,504,451,24,51
18,1905,1804,24,20,33
18,1906,708,120,20,61
18,1911,1186,236,28,66
18,1917,160,66,20,36
18,1936,518,67,24,48
18,1937,1240,30,20,35
18,1938,539,217,34,44
18,1939,602,64,20,48
18,1940,1998,115,20,57
18,1941,1454,24,19,39
18,1944,1206,474,59,110
18,1946,2092,0,20,38
18,1951,1440,115,24,54
18,1953,1091,120,28,57
18,1954,1440,0,20,48
18,1955,1180,73,28,54
18,1957,1481,412,59,116
18,1958,896,468,20,66
18,1960,1206,306,41,93
18,1961,656,24,20,36
18,1962,1209,214,34,79
18,1963,436,104,20,46
18,1968,1464,298,41,72
18,1969,1760,40,20,52
18,1974,1304,50,34,48
18,1976,2,82,23,36
18,1977,1148,1224,20,93
18,1978,1275,743,123,204
18,1982,423,335,49,97
18,1986,1614,12,20,62
18,1920,1942,3,20,36
18,1965,484,669,20,32
19,1760,556,57,24,45
19,1793,1230,52,16,42
19,1828,1842,6,20,35
19,1831,1624,734,59,89
19,1838,1192,252,20,41
19,1872,1118,101,23,44
19,1893,1440,67,24,48
19,1898,867,0,9,30
19,1903,158,732,34,74
19,1905,1804,24,19,32
19,1906,710,120,20,61
19,1911,1186,241,28,66
19,1917,165,75,24,43
19,1936,523,67,24,48
19,1937,1240,30,20,35
19,1938,539,217,34,44
19,1939,602,68,20,48
19,1940,1998,115,20,57
19,1941,1454,24,20,40
19,1944,1206,474,59,110
19,1946,2092,0,20,38
19,1951,1439,115,24,54
19,1953,1091,115,28,57
19,1954,1446,4,20,48
19,1955,1180,73,28,54
19,1957,1480,411,59,116
19,1958,896,468,20,66
19,1960,1209,311,34,77
19,1961,656,24,19,35
19,1962,1206,207,41,95
19,1963,436,104,19,45
19,1968,1464,298,41,72
19,1969,1758,40,20,52
19,1974,1304,50,34,48
19,1976,2,82,23,36
19,1977,3172,171,20,93
19,1978,1275,743,123,204
19,1982,413,335,49,97
19,1986,1614,12,20,62
19,1920,1942,3,20,36
19,1965,484,669,20,32
20,1760,554,54,24,45
20,1793,1230,52,16,42
20,1828,1848,6,20,35
20,1831,1624,735,59,89
20,1838,1192,251,20,41
20,1872,1118,102,23,44
20,1893,1440,67,24,48
20,1898,867,0,9,30
20,1903,506,456,24,51
20,1905,1804,24,20,33
20,1906,149,348,41,126
20,1911,1186,242,28,65
20,1917,165,75,24,43
20,1936,512,72,20,40
20,1937,1240,30,20,35
20,1938,539,221,34,44
20,1939,604,72,20,48
20,1940,1998,115,20,57
20,1941,1453,24,20,40
20,1944,1206,474,59,110
20,1946,2092,0,20,38
20,1951,1439,115,24,54
20,1953,1091,115,28,57
20,1954,1440,0,28,69
20,1955,1172,64,28,54
20,1957,1480,411,59,116
20,1958,896,468,20,66
20,1960,1209,311,34,77
20,1961,656,24,20,36
20,1962,1206,207,41,95
20,1963,438,104,20,46
20,1968,1464,298,41,72
20,1969,1758,40,20,52
20,1974,1304,50,35,49
20,1976,2,82,23,36
20,1977,3172,171,20,93
20,1978,1275,743,123,204
20,1982,413,335,49,97
20,1986,1614,12,20,62
20,1920,1944,3,20,36
20,1965,484,669,20,32
21,1760,556,54,24,45
21,1793,1230,52,16,42
21,1828,1848,6,20,35
21,1831,1589,712,103,154
21,1838,1194,248,20,41
21,1872,1118,102,23,44
21,1893,1440,67,24,48
21,1898,867,0,9,30
21,1903,228,62,24,51
21,1905,1804,24,19,32
21,1906,149,348,41,126
21,1911,1186,236,28,66
21,1917,165,75,24,43
21,1936,512,72,20,40
21,1937,6,258,20,35
21,1938,535,217,34,44
21,1939,604,80,20,48
21,1940,1998,115,20,57
21,1941,1454,24,20,40
21,1944,1206,474,59,110
21,1946,2092,0,20,38
21,1951,1427,103,34,77
21,1953,1091,115,28,57
21,1954,1448,4,20,48
21,1955,1183,77,28,54
21,1957,1480,411,59,116
21,1958,896,468,20,66
21,1960,1206,290,41,93
21,1961,656,21,28,51
21,1962,1206,207,41,95
21,1963,434,100,24,55
21,1968,1472,300,34,60
21,1969,1762,20,20,52
21,1974,1304,50,35,49
21,1976,2,82,23,36
21,1977,3172,171,20,93
21,1978,1275,743,123,204
21,1982,413,335,49,97
21,1986,1614,12,20,62
21,1920,1946,0,24,43
21,1965,484,669,20,32
22,1760,561,50,24,45
22,1793,1230,52,16,42
22,1828,1848,9,20,35
22,1831,1589,712,103,154
22,1838,1524,366,34,70
22,1872,1118,104,24,45
22,1893,1440,67,24,48
22,1898,867,0,9,30
22,1903,228,57,24,51
22,1905,1804,23,20,33
22,1906,149,348,41,126
22,1911,1186,236,28,66
22,1917,163,75,24,43
22,1936,511,71,20,40
22,1937,5,257,20,35
22,1938,535,221,34,44
22,1939,604,72,20,48
22,1940,1998,115,20,57
22,1941,1450,32,20,40
22,1944,1206,474,59,110
22,1946,2092,0,20,38
22,1951,1427,103,34,77
22,1953,1091,115,28,57
22,1954,1448,4,20,48
22,1955,1183,77,28,54
22,1957,1481,421,59,116
22,1958,896,468,20,66
22,1960,1206,306,41,93
22,1961,656,24,20,36
22,1962,1206,207,41,95
22,1963,436,100,24,55
22,1968,1472,300,34,59
22,1969,1760,40,20,52
22,1974,1304,50,35,49
22,1976,2,82,23,36
22,1977,3172,171,20,93
22,1978,1275,743,123,204
22,1982,413,335,49,97
22,1986,1614,12,20,62
22,1920,1946,0,24,43
22,1965,484,669,20,32
23,1760,561,50,24,45
23,1793,1230,52,16,42
23,1828,1848,12,20,35
23,1831,1589,712,103,154
23,1838,1473,331,24,49
23,1872,1118,104,24,45
23,1893,1440,66,23,47
23,1898,867,0,9,30
23,1903,1658,483,34,74
23,1905,1804,25,24,39
23,1906,149,348,41,126
23,1911,1186,237,28,65
23,1917,163,75,24,43
23,1936,516,72,20,40
23,1937,5,258,19,34
23,1938,538,224,28,37
23,1939,608,72,20,48
23,1940,1998,110,20,57
23,1941,1450,32,20,40
23,1944,1206,474,59,110
23,1946,2092,0,20,38
23,1951,1427,103,34,77
23,1953,1091,115,28,57
23,1954,1442,4,24,57
23,1955,1183,77,28,54
23,1957,1475,394,59,116
23,1958,896,468,20,66
23,1960,1206,306,41,93
23,1961,656,21,28,51
23,1962,1206,207,41,95
23,1963,436,100,23,55
23,1968,1472,300,33,58
23,1969,1760,40,20,52
23,1974,1304,50,35,49
23,1976,2,82,23,36
23,1977,3172,171,20,93
23,1978,1275,743,123,204
23,1982,413,335,49,97
23,1986,1614,12,20,62
23,1920,1942,3,20,36
23,1965,484,669,20,32
24,1760,559,50,24,45
24,1793,1230,52,16,42
24,1828,1848,12,20,35
24,1831,1589,712,103,154
24,1838,1473,330,24,49
24,1872,1118,104,24,45
24,1893,1439,66,24,48
24,1898,867,0,9,30
24,1903,1662,483,34,74
24,1905,1804,25,23,39
24,1906,149,348,41,126
24,1911,1186,238,28,65
24,1917,163,75,24,43
24,1936,515,71,20,40
24,1937,6,258,20,35
24,1938,535,221,34,44
24,1939,606,72,20,48
24,1940,1998,115,20,57
24,1941,1448,28,20,40
24,1944,1206,474,59,110
24,1946,2092,0,20,38
24,1951,1427,103,34,77
24,1953,1091,115,28,57
24,1954,1446,4,20,48
24,1955,1183,77,28,54
24,1957,1475,394,59,116
24,1958,896,468,20,66
24,1960,1206,306,41,93
24,1961,656,21,28,51
24,1962,1202,214,34,79
24,1963,436,100,24,55
24,1968,1445,277,59,104
24,1969,1760,40,20,52
24,1974,1304,50,35,49
24,1976,2,82,23,36
24,1977,3172,171,20,93
24,1978,1298,748,85,141
24,1982,413,335,49,97
24,1986,1614,12,20,62
24,1920,1946,0,24,43
24,1965,484,666,20,32
25,1760,558,51,28,54
25,1793,1230,52,16,42
25,1828,1848,12,20,35
25,1831,1589,712,103,154
25,1838,1473,321,24,49
25,1872,1118,104,24,45
25,1893,1439,66,24,48
25,1898,867,0,9,30
25,1903,1658,483,34,74
25,1905,1808,24,20,33
25,1906,149,348,41,126
25,1911,1186,218,28,66
25,1917,163,75,24,43
25,1936,516,71,20,40
25,1937,5,257,20,35
25,1938,535,224,28,37
25,1939,608,72,20,48
25,1940,1998,115,20,57
25,1941,1452,24,20,40
25,1944,1206,474,59,110
25,1946,2092,0,20,38
25,1951,1427,103,34,77
25,1953,1091,115,28,57
25,1954,1446,4,20,48
25,1955,1183,77,28,54
25,1957,1475,394,59,116
25,1958,896,468,20,66
25,1960,1206,298,41,93
25,1961,658,24,20,36
25,1962,1202,214,34,79
25,1963,437,100,24,55
25,1968,1445,277,59,104
25,1969,1760,40,20,52
25,1974,1304,50,35,49
25,1976,2,82,24,37
25,1977,3172,171,20,93
25,1978,1289,748,85,141
25,1982,406,331,59,116
25,1986,1614,12,20,62
25,1920,1944,0,20,36
25,1965,484,666,20,32
26,1760,558,51,28,54
26,1793,1230,52,16,42
26,1828,1848,12,20,35
26,1831,1589,696,103,154
26,1838,1474,332,20,41
26,1872,1118,104,24,45
26,1893,1440,66,23,47
26,1898,867,0,9,30
26,1903,1658,483,34,74
26,1905,1808,24,20,33
26,1906,149,348,41,126
26,1911,1186,219,28,66
26,1917,156,66,20,36
26,1936,525,67,24,48
26,1937,5,257,19,34
26,1938,534,225,28,37
26,1939,606,80,20,48
26,1940,1998,115,20,57
26,1941,1452,24,20,40
26,1944,1206,474,59,110
26,1946,2092,0,20,38
26,1951,1427,103,34,78
26,1953,1094,115,28,57
26,1954,1446,4,20,48
26,1955,1183,77,28,54
26,1957,1469,403,59,116
26,1958,896,468,20,66
26,1960,1206,298,41,93
26,1961,656,21,28,51
26,1962,1206,207,28,66
26,1963,434,92,28,66
26,1968,1455,298,41,72
26,1969,1760,40,20,52
26,1974,1304,50,35,49
26,1976,2,82,24,37
26,1977,3168,171,20,93
26,1978,1298,748,85,141
26,1982,406,331,59,116
26,1986,1614,12,20,62
26,1920,1944,3,20,36
26,1965,482,663,20,32
27,1760,561,50,24,45
27,1793,1230,52,16,42
27,1828,1848,12,20,35
27,1831,1589,696,103,154
27,1838,1473,331,20,41
27,1872,1118,104,24,45
27,1893,1440,66,23,47
27,1898,867,0,9,30
27,1903,158,732,34,74
27,1905,1804,25,24,39
27,1906,149,348,41,126
27,1911,1186,218,28,66
27,1917,154,66,20,36
27,1936,525,67,23,47
27,1937,5,257,19,34
27,1938,533,225,29,37
27,1939,608,72,20,48
27,1940,1998,110,20,57
27,1941,1456,20,20,40
27,1944,1206,474,59,110
27,1946,2092,0,20,38
27,1951,1427,103,34,78
27,1953,1094,115,28,57
27,1954,1447,4,24,57
27,1955,1183,77,28,54
27,1957,1469,403,59,116
27,1958,896,468,20,66
27,1960,1206,306,41,93
27,1961,656,21,28,51
27,1962,1205,206,29,67
27,1963,442,104,20,46
27,1968,1455,298,41,72
27,1969,1760,40,20,52
27,1974,1304,50,35,49
27,1976,2,82,24,37
27,1977,3172,171,20,93
27,1978,1307,779,59,98
27,1982,406,331,59,116
27,1986,1614,12,20,62
27,1920,1944,3,20,36
27,1965,482,663,20,32
28,1760,561,50,24,45
28,1793,1230,52,16,42
28,1828,1848,12,20,35
28,1831,1589,696,103,154
28,1838,1474,332,20,41
28,1872,1118,104,23,45
28,1893,1431,80,28,57
28,1898,867,0,9,30
28,1903,158,732,34,74
28,1905,1804,25,23,39
28,1906,149,348,41,126
28,1911,1186,219,28,66
28,1917,154,63,20,36
28,1936,525,67,23,47
28,1937,6,258,19,34
28,1938,532,224,28,37
28,1939,608,72,20,48
28,1940,1998,110,20,57
28,1941,1454,20,20,40
28,1944,1206,474,59,110
28,1946,2092,0,20,38
28,1951,1430,96,34,77
28,1953,1094,115,28,57
28,1954,1447,4,24,57
28,1955,1183,77,28,54
28,1957,1469,403,59,116
28,1958,896,468,20,66
28,1960,1206,306,41,93
28,1961,656,21,28,51
28,1962,1203,213,28,66
28,1963,1518,412,20,46
28,1968,1455,298,41,71
28,1969,1762,40,20,52
28,1974,1304,50,35,49
28,1976,2,82,24,37
28,1977,3172,171,20,93
28,1978,1306,774,60,100
28,1982,406,331,59,116
28,1986,1614,12,20,62
28,1920,1942,3,20,36
28,1965,482,663,20,32
29,1760,555,51,28,54
29,1793,1230,52,16,42
29,1828,1848,12,20,35
29,1831,1616,709,85,128
29,1838,1474,328,20,41
29,1872,1118,104,23,45
29,1893,1431,80,28,57
29,1898,867,0,9,30
29,1903,158,732,34,74
29,1905,1804,25,23,39
29,1906,149,348,41,126
29,1911,1186,219,29,66
29,1917,153,62,20,36
29,1936,525,67,23,47
29,1937,6,258,20,35
29,1938,532,224,28,37
29,1939,606,80,20,48
29,1940,1998,110,20,57
29,1941,1448,28,20,40
29,1944,1206,474,59,110
29,1946,2092,0,20,38
29,1951,1430,96,34,77
29,1953,1094,115,28,57
29,1954,1447,4,24,57
29,1955,1183,77,28,54
29,1957,1475,412,59,116
29,1958,896,468,20,66
29,1960,1206,306,41,93
29,1961,658,24,20,36
29,1962,1203,212,29,66
29,1963,1517,411,20,47
29,1968,1455,298,40,71
29,1969,1762,40,20,52
29,1974,1332,60,24,33
29,1976,2,82,23,37
29,1977,3172,171,20,93
29,1978,1289,735,85,141
29,1982,406,331,59,116
29,1986,1614,12,20,62
29,1920,1942,3,20,36
29,1965,483,669,28,46
30,1760,555,51,28,54
30,1793,1230,52,16,42
30,1828,1848,12,20,35
30,1831,1616,709,86,129
30,1838,1474,328,20,41
30,1872,1118,104,23,45
30,1893,1442,76,24,48
30,1898,867,0,9,30
30,1903,158,732,34,74
30,1905,1804,25,24,39
30,1906,149,348,41,126
30,1911,1180,218,28,66
30,1917,153,62,20,36
30,1936,522,64,20,40
30,1937,6,258,20,35
30,1938,529,227,28,37
30,1939,604,56,20,48
30,1940,1998,110,20,57
30,1941,1448,24,20,40
30,1944,1206,474,59,110
30,1946,2092,0,20,38
30,1951,1430,96,34,78
30,1953,1094,115,28,57
30,1954,1447,4,24,57
30,1955,1183,77,28,54
30,1957,1475,412,59,116
30,1958,896,468,20,66
30,1960,1215,290,41,93
30,1961,660,25,24,43
30,1962,1202,211,29,67
30,1963,1516,412,20,46
30,1968,1459,292,41,72
30,1969,1762,40,20,52
30,1974,1332,59,24,34
30,1976,2,82,24,37
30,1977,3172,171,20,93
30,1978,1289,735,85,141
30,1982,406,331,59,116
30,1986,1614,12,20,62
30,1920,1942,3,20,36
30,1965,483,669,28,46
31,1760,561,50,24,45
31,1793,1230,52,16,42
31,1828,1848,12,20,35
31,1831,1599,722,85,128
31,1838,1473,326,20,41
31,1872,1118,104,23,45
31,1893,1431,80,28,57
31,1898,867,0,9,30
31,1903,158,732,34,74
31,1905,1804,25,24,39
31,1906,149,348,41,126
31,1911,1180,218,28,66
31,1917,152,66,20,36
31,1936,524,64,20,40
31,1937,5,257,19,34
31,1938,529,227,28,37
31,1939,606,56,20,48
31,1940,1998,110,20,57
31,1941,1448,24,20,40
31,1944,1206,474,59,110
31,1946,2092,0,20,38
31,1951,1430,96,34,78
31,1953,1094,115,28,57
31,1954,1456,0,24,57
31,1955,1183,77,28,54
31,1957,1475,412,59,116
31,1958,896,468,20,66
31,1960,1215,290,41,93
31,1961,660,25,23,43
31,1962,1202,211,29,67
31,1963,450,108,20,46
31,1968,1459,292,41,72
31,1969,1762,40,20,52
31,1974,1333,59,24,34
31,1976,2,82,23,37
31,1977,3172,171,20,93
31,1978,1298,722,85,141
31,1982,406,331,59,116
31,1986,1614,12,20,62
31,1920,1942,3,20,36
31,1965,483,669,28,46
32,1760,561,50,24,45
32,1793,1230,52,16,42
32,1828,1848,12,20,35
32,1831,1599,722,86,129
32,1838,1473,325,20,42
32,1872,1118,104,23,45
32,1893,1442,76,24,48
32,1898,867,0,9,30
32,1903,158,732,34,74
32,1905,1804,25,24,39
32,1906,149,348,41,126
32,1911,1180,218,29,66
32,1917,152,66,20,36
32,1936,524,64,20,40
32,1937,5,257,19,34
32,1938,528,227,28,37
32,1939,606,56,20,48
32,1940,1998,110,20,57
32,1941,1448,24,20,40
32,1944,1206,474,59,110
32,1946,2092,0,20,38
32,1951,1430,96,34,78
32,1953,1094,115,28,57
32,1954,1456,0,24,57
32,1955,1183,77,28,54
32,1957,1475,376,59,116
32,1958,1612,1152,24,79
32,1960,1206,282,41,93
32,1961,659,25,24,43
32,1962,1202,210,29,68
32,1963,450,108,19,45
32,1968,1455,292,41,72
32,1969,1760,35,20,52
32,1974,1334,59,25,35
32,1976,2,82,23,37
32,1977,3170,180,20,93
32,1978,1298,722,85,141
32,1982,406,331,59,116
32,1986,1614,12,20,62
32,1920,1942,3,20,36
32,1965,483,669,28,46
33,1760,561,50,24,45
33,1793,1230,52,16,42
33,1828,1848,12,20,35
33,1831,1616,722,85,128
33,1838,1471,316,24,49
33,1872,1118,104,23,45
33,1893,1442,76,23,47
33,1898,867,0,9,30
33,1903,158,732,34,74
33,1905,1804,25,24,39
33,1906,149,348,41,126
33,1911,1180,218,29,67
33,1917,152,66,20,36
33,1936,524,63,20,40
33,1937,6,258,20,35
33,1938,527,227,29,38
33,1939,604,56,20,48
33,1940,1998,110,20,57
33,1941,1448,24,20,40
33,1944,1206,474,59,110
33,1946,2092,0,20,38
33,1951,1423,103,34,77
33,1953,1094,115,28,57
33,1954,1456,0,24,57
33,1955,1183,77,28,54
33,1957,1481,376,59,116
33,1958,1615,1152,24,79
33,1960,1206,273,41,93
33,1961,660,25,23,43
33,1962,1200,207,28,66
33,1963,452,104,20,46
33,1968,1455,292,41,72
33,1969,1766,25,20,52
33,1974,1335,59,25,35
33,1976,2,82,24,37
33,1977,3168,180,20,93
33,1978,1298,722,85,141
33,1982,406,331,59,116
33,1986,1614,12,20,62
33,1920,1942,3,20,36
33,1965,483,669,28,46
34,1760,561,50,24,45
34,1793,1230,52,16,42
34,1828,1848,12,20,35
34,1831,1616,722,85,128
34,1838,1471,316,24,49
34,1872,1118,104,23,45
34,1893,1440,86,24,48
34,1898,867,0,9,30
34,1903,158,732,34,74
34,1905,1804,25,24,39
34,1906,149,348,41,126
34,1911,1180,224,28,66
34,1917,152,66,20,36
34,1936,528,67,24,48
34,1937,6,258,19,34
34,1938,527,226,30,39
34,1939,604,56,20,48
34,1940,1998,110,20,57
34,1941,1448,24,20,40
34,1944,1206,474,59,110
34,1946,2092,0,20,38
34,1951,1423,103,34,77
34,1953,1094,115,28,57
34,1954,1456,0,24,57
34,1955,1183,77,28,54
34,1957,1475,403,59,116
34,1958,1615,1152,24,79
34,1960,1206,273,41,93
34,1961,659,25,24,43
34,1962,1200,207,28,66
34,1963,452,104,19,45
34,1968,1455,292,41,72
34,1969,1762,35,20,52
34,1974,1336,58,25,35
34,1976,2,82,24,37
34,1977,3168,180,20,93
34,1978,1298,722,85,141
34,1982,406,331,59,116
34,1986,1614,12,20,62
34,1920,1942,3,20,36
34,1965,483,669,28,46
35,1760,554,50,24,45
35,1793,1230,52,16,42
35,1828,1848,12,20,35
35,1831,1616,748,85,128
35,1838,1471,316,24,49
35,1872,1118,108,24,45
35,1893,1440,86,23,47
35,1898,867,0,9,30
35,1903,158,732,34,74
35,1905,1804,25,24,39
35,1906,149,348,41,126
35,1911,1180,224,28,66
35,1917,150,63,20,36
35,1936,528,67,23,47
35,1937,5,257,20,35
35,1938,526,226,30,39
35,1939,606,56,20,48
35,1940,1998,110,20,57
35,1941,1448,24,20,40
35,1944,1206,474,59,110
35,1946,2094,0,20,38
35,1951,1423,103,34,77
35,1953,1094,115,28,57
35,1954,1456,0,24,57
35,1955,1183,77,28,54
35,1957,1475,403,59,116
35,1958,1615,1152,24,79
35,1960,1206,273,41,93
35,1961,656,24,20,36
35,1962,1200,206,29,67
35,1963,453,104,20,46
35,1968,1455,292,41,72
35,1969,1762,35,20,52
35,1974,1337,58,25,35
35,1976,2,82,23,37
35,1977,3170,180,20,93
35,1978,1550,510,20,33
35,1982,406,331,59,116
35,1986,1614,12,20,62
35,1920,1942,3,20,36
35,1965,483,669,28,46
36,1760,554,50,24,45
36,1793,1230,52,16,42
36,1828,1848,12,20,35
36,1831,1616,748,85,128
36,1838,1473,312,24,49
36,1872,1111,103,28,54
36,1893,1442,76,24,48
36,1898,867,0,9,30
36,1903,158,732,34,74
36,1905,1804,25,23,39
36,1906,149,348,41,126
36,1911,1180,224,28,66
36,1917,149,62,20,36
36,1936,526,64,20,40
36,1937,6,258,20,35
36,1938,526,226,30,40
36,1939,604,56,20,48
36,1940,1998,110,20,57
36,1941,1450,24,20,40
36,1944,1206,474,59,110
36,1946,2094,0,20,38
36,1951,1423,103,34,77
36,1953,1094,115,28,57
36,1954,1456,0,24,57
36,1955,1183,77,28,54
36,1957,1475,403,59,116
36,1958,1615,1152,24,79
36,1960,1206,273,41,93
36,1961,656,24,20,36
36,1962,1506,592,20,46
36,1963,454,104,19,45
36,1968,1455,292,41,72
36,1969,1762,35,20,52
36,1974,1339,60,24,33
36,1976,2,82,23,37
36,1977,3170,180,20,93
36,1978,1552,510,19,32
36,1982,406,331,59,116
36,1986,1614,12,20,62
36,1920,1942,3,20,36
36,1965,483,669,28,46
37,1760,554,50,23,45
37,1793,1230,52,16,42
37,1828,1848,12,20,35
37,1831,1622,783,49,74
37,1838,1473,310,24,50
37,1872,1116,108,24,45
37,1893,1442,76,23,47
37,1898,867,0,9,31
37,1903,158,732,34,74
37,1905,1804,25,24,39
37,1906,149,348,41,126
37,1911,1180,224,28,66
37,1917,149,62,20,36
37,1936,530,67,24,48
37,1937,6,258,20,35
37,1938,521,224,34,44
37,1939,604,56,20,48
37,1940,1996,110,20,57
37,1941,1450,24,20,40
37,1944,1206,474,59,110
37,1946,2094,0,20,38
37,1951,1423,103,34,77
37,1953,1094,114,28,57
37,1954,1459,0,24,57
37,1955,1183,77,28,54
37,1957,1475,403,59,116
37,1958,898,474,20,66
37,1960,1206,273,41,93
37,1961,656,24,19,35
37,1962,1506,588,20,46
37,1963,458,104,20,46
37,1968,1455,292,41,72
37,1969,1766,30,20,52
37,1974,1340,59,24,33
37,1976,2,82,23,37
37,1977,3170,180,20,93
37,1978,1554,510,20,33
37,1982,406,331,59,116
37,1986,1614,12,20,62
37,1920,1942,3,20,36
37,1965,483,669,28,46
38,1760,554,50,23,45
38,1793,1230,52,16,42
38,1828,1848,12,20,35
38,1831,1622,785,49,73
38,1838,1468,312,24,49
38,1872,1113,108,24,45
38,1893,1442,76,23,47
38,1898,867,0,9,31
38,1903,158,732,34,74
38,1905,1810,24,20,33
38,1906,149,348,41,126
38,1911,1180,224,28,66
38,1917,148,63,20,36
38,1936,530,67,23,47
38,1937,6,258,20,35
38,1938,521,224,34,45
38,1939,604,56,20,48
38,1940,1996,110,20,57
38,1941,1450,23,20,40
38,1944,1206,474,59,110
38,1946,2094,0,20,38
38,1951,1423,103,34,78
38,1953,1094,114,29,58
38,1954,1459,0,24,57
38,1955,1183,77,28,54
38,1957,1475,403,59,116
38,1958,898,474,20,66
38,1960,1206,273,41,93
38,1961,656,24,19,35
38,1962,1200,207,28,66
38,1963,456,104,20,46
38,1968,1455,292,41,72
38,1969,1764,35,20,52
38,1974,1341,59,24,34
38,1976,2,82,24,37
38,1977,3170,180,20,93
38,1978,1555,504,24,39
38,1982,406,331,59,116
38,1986,1614,12,20,62
38,1920,1942,3,20,36
38,1965,483,669,28,46
39,1760,554,50,23,45
39,1793,1230,52,16,42
39,1828,1848,12,20,35
39,1831,1618,770,59,89
39,1838,1468,311,24,49
39,1872,1113,108,23,45
39,1893,1442,76,23,47
39,1898,867,0,9,31
39,1903,158,732,34,74
39,1905,1812,24,20,33
39,1906,149,348,41,126
39,1911,1183,247,28,66
39,1917,148,66,20,36
39,1936,530,67,23,47
39,1937,5,257,20,35
39,1938,521,231,34,44
39,1939,606,56,20,48
39,1940,1996,110,20,57
39,1941,1450,24,20,40
39,1944,1206,474,59,110
39,1946,2094,0,20,38
39,1951,1423,103,34,78
39,1953,1094,114,28,57
39,1954,1459,0,24,57
39,1955,1183,77,28,54
39,1957,1469,385,59,116
39,1958,898,474,20,66
39,1960,1206,273,41,93
39,1961,656,24,20,36
39,1962,1202,206,24,55
39,1963,456,104,19,45
39,1968,1445,268,59,104
39,1969,1764,35,20,52
39,1974,1341,59,24,34
39,1976,2,82,24,37
39,1977,1140,1224,20,93
39,1978,1555,504,23,39
39,1982,406,331,59,116
39,1986,1614,12,20,62
39,1920,1942,3,20,36
39,1965,483,669,28,46
40,1760,554,50,23,45
40,1793,1230,52,16,42
40,1828,1848,12,20,35
40,1831,1618,771,59,89
40,1838,1470,320,20,41
40,1872,1116,108,24,45
40,1893,1442,68,20,40
40,1898,867,0,9,31
40,1903,158,732,34,74
40,1905,1808,24,20,33
40,1906,149,348,41,126
40,1911,1183,247,28,66
40,1917,147,65,20,36
40,1936,530,67,23,47
40,1937,5,257,20,35
40,1938,521,231,34,45
40,1939,606,56,20,48
40,1940,1994,110,20,57
40,1941,1450,24,20,40
40,1944,1206,474,59,110
40,1946,2094,0,20,38
40,1951,1427,89,34,77
40,1953,1094,115,28,57
40,1954,1459,0,24,57
40,1955,1183,77,28,54
40,1957,1469,385,59,116
40,1958,898,462,20,66
40,1960,1206,273,41,93
40,1961,655,23,20,36
40,1962,1200,207,28,66
40,1963,457,103,20,46
40,1968,1445,268,59,104
40,1969,1764,35,20,52
40,1974,1342,59,24,34
40,1976,2,82,23,37
40,1977,1140,1224,20,93
40,1978,1557,500,24,39
40,1982,406,331,59,116
40,1986,1614,12,20,62
40,1920,1942,3,20,36
40,1965,489,666,24,38
41,1760,554,50,23,45
41,1793,1230,52,16,42
41,1828,1848,12,20,35
41,1831,1622,783,49,74
41,1838,1471,307,24,49
41,1872,1116,108,24,45
41,1893,1442,68,20,40
41,1898,867,0,9,31
41,1903,158,732,34,74
41,1905,1808,24,19,32
41,1906,149,348,41,126
41,1911,1186,247,28,66
41,1917,146,66,20,36
41,1936,530,67,23,47
41,1937,6,258,20,35
41,1938,520,231,35,45
41,1939,608,56,20,48
41,1940,1994,110,20,57
41,1941,1450,24,20,40
41,1944,1206,474,59,110
41,1946,2094,0,20,38
41,1951,1427,89,34,77
41,1953,1094,110,24,48
41,1954,1459,0,24,57
41,1955,1183,77,28,54
41,1957,1468,384,60,117
41,1958,900,468,20,66
41,1960,1206,273,41,94
41,1961,656,24,20,36
41,1962,466,424,20,46
41,1963,456,108,20,46
41,1968,1445,268,59,104
41,1969,1764,35,20,52
41,1974,1343,59,24,34
41,1976,2,82,24,37
41,1977,1140,1224,20,93
41,1978,1558,499,23,39
41,1982,414,323,41,80
41,1986,1614,12,20,62
41,1920,1942,3,20,36
41,1965,483,669,28,46
42,1760,554,50,23,45
42,1793,1230,52,16,42
42,1828,1848,12,20,35
42,1831,1578,727,103,154
42,1838,1471,306,24,49
42,1872,1116,108,24,45
42,1893,1442,68,20,40
42,1898,867,0,9,31
42,1903,155,732,34,74
42,1905,1806,27,20,33
42,1906,149,348,41,126
42,1911,1186,249,28,65
42,1917,144,65,20,36
42,1936,532,67,24,48
42,1937,6,258,20,35
42,1938,519,231,35,46
42,1939,608,56,20,48
42,1940,1994,110,20,57
42,1941,1450,24,20,40
42,1944,1206,474,59,110
42,1946,2094,0,20,38
42,1951,1427,89,34,77
42,1953,1094,110,24,48
42,1954,1456,0,20,48
42,1955,1183,77,28,54
42,1957,1473,395,49,97
42,1958,896,468,20,66
42,1960,1206,273,41,93
42,1961,658,24,20,36
42,1962,463,417,24,55
42,1963,456,107,20,46
42,1968,1445,268,59,104
42,1969,1764,35,20,52
42,1974,1343,59,24,34
42,1976,2,82,24,37
42,1977,1140,1224,20,93
42,1978,1564,504,20,33
42,1982,414,323,41,80
42,1986,1614,12,20,62
42,1920,1942,3,20,36
42,1965,483,669,28,46
43,1760,556,50,24,45
43,1793,1230,52,16,42
43,1828,1848,12,20,35
43,1831,1578,727,103,154
43,1838,1468,307,24,49
43,1872,1113,108,24,45
43,1893,1442,68,20,40
43,1898,867,0,9,31
43,1903,155,732,34,74
43,1905,1805,26,19,32
43,1906,149,348,41,126
43,1911,1186,249,28,65
43,1917,144,72,20,36
43,1936,532,67,23,47
43,1937,6,257,20,35
43,1938,518,231,34,44
43,1939,608,56,20,48
43,1940,1994,110,20,57
43,1941,1450,24,20,40
43,1944,1206,474,59,110
43,1946,2094,0,20,38
43,1951,1427,89,34,77
43,1953,1094,110,24,48
43,1954,1456,0,20,48
43,1955,1183,77,28,54
43,1957,1473,395,49,97
43,1958,896,468,20,66
43,1960,1206,273,41,93
43,1961,656,24,20,36
43,1962,463,417,24,56
43,1963,458,108,20,46
43,1968,1468,286,41,72
43,1969,1764,40,20,52
43,1974,1164,253,49,69
43,1976,2,82,24,37
43,1977,1140,1224,20,93
43,1978,1551,497,34,57
43,1982,414,323,41,80
43,1986,1614,12,20,62
43,1920,1942,3,20,36
43,1965,483,669,28,46
44,1760,556,50,24,45
44,1793,1230,52,16,42
44,1828,1848,12,20,35
44,1831,1578,727,103,154
44,1838,1465,293,28,59
44,1872,1113,108,23,45
44,1893,1442,68,20,40
44,1898,867,0,9,31
44,1903,155,732,34,74
44,1905,1806,26,19,32
44,1906,149,348,41,126
44,1911,1186,250,28,64
44,1917,142,72,20,36
44,1936,532,67,23,47
44,1937,6,258,20,35
44,1938,517,231,35,45
44,1939,608,56,20,48
44,1940,1992,110,20,57
44,1941,1448,24,20,40
44,1944,1206,474,59,110
44,1946,2094,0,20,38
44,1951,1427,89,34,78
44,1953,1094,109,28,57
44,1954,1456,0,20,48
44,1955,1183,77,28,54
44,1957,1472,395,50,97
44,1958,896,468,20,66
44,1960,1206,273,41,93
44,1961,656,24,19,35
44,1962,465,417,24,55
44,1963,462,108,20,46
44,1968,1445,268,59,104
44,1969,1764,35,20,52
44,1974,1164,263,49,69
44,1976,2,82,24,37
44,1977,1140,1224,20,93
44,1978,1568,501,20,33
44,1982,414,323,41,80
44,1986,1614,12,20,62
44,1920,1942,3,20,36
44,1965,483,669,28,46
45,1760,556,50,24,45
45,1793,1230,52,16,42
45,1828,1848,12,20,35
45,1831,1578,727,103,154
45,1838,1465,293,28,59
45,1872,1113,108,24,45
45,1893,1442,67,19,39
45,1898,867,0,9,31
45,1903,155,732,34,74
45,1905,1806,26,20,33
45,1906,149,348,41,126
45,1911,1187,250,28,64
45,1917,142,66,20,36
45,1936,532,67,23,47
45,1937,5,258,19,34
45,1938,514,228,34,44
45,1939,608,56,20,48
45,1940,1992,110,20,57
45,1941,1450,20,20,40
45,1944,1206,474,59,110
45,1946,2094,0,20,38
45,1951,1427,89,34,78
45,1953,1094,109,28,57
45,1954,1456,0,20,48
45,1955,1183,77,28,54
45,1957,1472,394,50,98
45,1958,896,468,20,66
45,1960,1206,273,41,93
45,1961,660,25,24,43
45,1962,1200,206,24,55
45,1963,462,108,19,45
45,1968,1445,268,59,104
45,1969,1766,35,20,52
45,1974,1164,263,49,69
45,1976,2,82,24,37
45,1977,1140,1224,20,93
45,1978,1568,501,20,33
45,1982,414,323,41,80
45,1986,1614,12,20,62
45,1920,1944,3,20,36
45,1965,483,669,28,46
46,1760,556,50,24,45
46,1793,1230,52,16,42
46,1828,1848,12,20,35
46,1831,1578,727,103,154
46,1838,1466,293,28,58
46,1872,1113,108,24,45
46,1893,1441,67,20,40
46,1898,867,0,9,31
46,1903,155,732,34,74
46,1905,1806,26,20,33
46,1906,149,348,41,126
46,1911,1187,251,28,64
46,1917,140,66,20,36
46,1936,532,67,23,47
46,1937,6,258,20,35
46,1938,514,231,34,44
46,1939,608,56,20,48
46,1940,1992,110,20,57
46,1941,1448,24,20,40
46,1944,1206,474,59,110
46,1946,2094,0,20,38
46,1951,1427,89,34,78
46,1953,1094,109,28,57
46,1954,1438,12,20,48
46,1955,1183,77,28,54
46,1957,1476,398,41,80
46,1958,896,468,20,66
46,1960,1206,273,41,93
46,1961,660,25,24,43
46,1962,1197,206,24,55
46,1963,458,108,20,46
46,1968,1445,268,59,104
46,1969,1770,20,20,52
46,1974,1164,268,49,69
46,1976,2,82,24,37
46,1977,1140,1224,20,93
46,1978,1569,500,20,33
46,1982,418,340,59,116
46,1986,1614,12,20,62
46,1920,1944,3,20,36
46,1965,483,669,28,46
47,1760,556,50,24,45
47,1793,1230,52,16,42
47,1828,1850,12,20,35
47,1831,1578,727,103,154
47,1838,1465,292,28,58
47,1872,1113,107,24,45
47,1893,1441,67,19,39
47,1898,867,0,9,31
47,1903,155,732,34,74
47,1905,1806,26,19,32
47,1906,149,348,41,126
47,1911,1187,251,27,64
47,1917,140,63,20,36
47,1936,532,67,23,47
47,1937,6,258,20,35
47,1938,514,231,34,45
47,1939,602,56,20,48
47,1940,1992,110,20,57
47,1941,1448,24,20,40
47,1944,1206,474,59,110
47,1946,2092,6,20,38
47,1951,1427,89,34,78
47,1953,1094,109,28,57
47,1954,1456,0,20,48
47,1955,1183,77,28,54
47,1957,1476,398,41,80
47,1958,896,468,20,66
47,1960,1206,273,41,93
47,1961,660,25,23,43
47,1962,1197,206,24,55
47,1963,468,108,20,46
47,1968,1445,268,59,104
47,1969,1770,20,20,52
47,1974,1164,268,49,69
47,1976,2,82,24,37
47,1977,1140,1224,20,93
47,1978,1572,498,20,33
47,1982,418,340,59,116
47,1986,1614,12,20,62
47,1920,1944,3,20,36
47,1965,483,669,28,46
48,1760,556,50,24,45
48,1793,1230,52,16,42
48,1828,1848,12,20,35
48,1831,1589,727,103,154
48,1838,1465,292,28,58
48,1872,1113,107,24,45
48,1893,1441,67,20,40
48,1898,867,0,9,31
48,1903,155,732,34,74
48,1905,1812,25,24,39
48,1906,149,348,41,126
48,1911,1186,259,28,66
48,1917,139,62,20,36
48,1936,530,64,20,40
48,1937,6,257,20,35
48,1938,514,231,35,45
48,1939,602,56,20,48
48,1940,1992,110,20,57
48,1941,1450,16,20,40
48,1944,1206,474,59,110
48,1946,2092,6,20,38
48,1951,1427,89,35,78
48,1953,1092,100,24,48
48,1954,1456,0,20,48
48,1955,1183,77,28,54
48,1957,1544,564,20,39
48,1958,896,468,20,66
48,1960,1206,273,41,93
48,1961,660,25,24,43
48,1962,1197,205,24,56
48,1963,462,108,20,46
48,1968,1454,289,28,50
48,1969,1770,20,20,52
48,1974,1164,263,49,69
48,1976,2,82,24,37
48,1977,1140,1224,20,93
48,1978,1569,493,24,39
48,1982,418,340,59,116
48,1986,1614,12,20,62
48,1920,1942,3,20,36
48,1965,483,669,28,46
49,1760,556,50,24,45
49,1793,1230,52,16,42
49,1828,1848,12,20,35
49,1831,1589,727,103,154
49,1838,1463,293,28,59
49,1872,1113,107,24,46
49,1893,1441,67,20,40
49,1898,867,0,9,31
49,1903,155,732,34,74
49,1905,1812,25,24,39
49,1906,149,348,41,126
49,1911,1186,270,28,66
49,1917,138,62,20,36
49,1936,529,63,20,40
49,1937,6,258,20,35
49,1938,514,231,35,46
49,1939,602,56,20,48
49,1940,1992,110,20,57
49,1941,1448,20,20,40
49,1944,1206,474,59,110
49,1946,2092,6,20,38
49,1951,1427,89,35,79
49,1953,1092,100,24,48
49,1954,1456,0,20,48
49,1955,1183,77,28,54
49,1957,1544,562,20,39
49,1958,896,468,20,66
49,1960,1206,273,41,93
49,1961,659,25,24,43
49,1962,1197,204,24,56
49,1963,462,107,19,45
49,1968,1454,289,28,50
49,1969,1770,15,20,52
49,1974,1164,263,49,69
49,1976,2,82,24,37
49,1977,1140,1224,20,93
49,1978,1569,493,23,38
49,1982,418,340,59,116
49,1986,1614,12,20,62
49,1920,1942,3,20,36
49,1965,483,669,28,46
50,1760,556,50,23,45
50,1793,1230,52,16,42
50,1828,1848,12,20,35
50,1831,1589,727,103,154
50,1838,1462,293,28,59
50,1872,1113,107,24,46
50,1893,1441,67,20,40
50,1898,867,0,9,31
50,1903,155,732,34,74
50,1905,1809,25,24,39
50,1906,149,348,41,126
50,1911,1186,253,28,66
50,1917,138,66,20,36
50,1936,537,62,24,48
50,1937,5,257,20,35
50,1938,511,235,34,44
50,1939,602,56,20,48
50,1940,1992,110,20,57
50,1941,1448,20,20,40
50,1944,1206,474,59,110
50,1946,2092,6,20,38
50,1951,1426,89,35,79
50,1953,1089,100,24,48
50,1954,1438,12,20,48
50,1955,1183,77,28,54
50,1957,1438,90,20,39
50,1958,896,468,20,66
50,1960,1219,288,24,54
50,1961,659,25,24,43
50,1962,1198,184,28,66
50,1963,466,104,20,46
50,1968,1454,289,28,50
50,1969,1772,15,20,52
50,1974,1169,268,49,69
50,1976,2,82,24,37
50,1977,1140,1224,20,93
50,1978,1570,493,23,38
50,1982,418,340,59,116
50,1986,1614,12,20,62
50,1920,1942,3,20,36
50,1965,483,669,28,46
51,1760,556,50,24,45
51,1793,1230,52,16,42
51,1828,1848,12,20,35
51,1831,1589,727,103,154
51,1838,1463,292,28,58
51,1872,1113,107,24,46
51,1893,1440,81,24,48
51,1898,867,0,9,31
51,1903,155,732,34,74
51,1905,1809,25,24,39
51,1906,149,348,41,126
51,1911,1186,253,28,65
51,1917,138,66,20,36
51,1936,537,62,24,48
51,1937,6,258,19,34
51,1938,511,235,34,45
51,1939,602,56,20,48
51,1940,1992,110,20,57
51,1941,1448,20,20,40
51,1944,1206,474,59,110
51,1946,2092,3,20,38
51,1951,1426,89,35,79
51,1953,1089,100,23,47
51,1954,1438,12,20,48
51,1955,1183,77,28,54
51,1957,1437,89,20,39
51,1958,894,474,20,66
51,1960,1219,287,24,54
51,1961,659,25,24,43
51,1962,1197,184,28,66
51,1963,470,108,20,46
51,1968,1445,259,59,104
51,1969,1770,15,20,52
51,1974,1169,268,49,69
51,1976,2,82,24,37
51,1977,1140,1224,20,93
51,1978,1569,486,24,39
51,1982,418,340,59,116
51,1986,1614,12,20,62
51,1920,1944,3,20,36
51,1965,483,669,28,46
52,1760,556,50,23,45
52,1793,1230,52,16,42
52,1828,1848,12,20,35
52,1831,1617,813,49,74
52,1838,1465,288,28,59
52,1872,1113,108,24,46
52,1893,1440,81,24,48
52,1898,867,0,9,31
52,1903,155,732,34,74
52,1905,1809,25,24,39
52,1906,149,348,41,126
52,1911,1186,253,28,65
52,1917,136,66,20,36
52,1936,537,62,23,47
52,1937,6,257,19,34
52,1938,510,234,35,45
52,1939,602,56,20,48
52,1940,1994,110,20,57
52,1941,1448,20,20,40
52,1944,1206,474,59,110
52,1946,2094,0,20,38
52,1951,1426,89,35,79
52,1953,1085,103,34,69
52,1954,1456,0,20,48
52,1955,1183,77,28,54
52,1957,1437,89,20,39
52,1958,898,468,20,66
52,1960,1219,287,24,54
52,1961,659,25,24,43
52,1962,1197,184,28,66
52,1963,470,108,20,46
52,1968,1445,259,59,104
52,1969,1774,20,20,52
52,1974,1169,268,49,69
52,1976,2,82,23,37
52,1977,1140,1224,20,93
52,1978,1569,486,23,39
52,1982,418,340,59,116
52,1986,1614,12,20,62
52,1920,1944,3,20,36
52,1965,483,669,28,46
53,1760,556,50,24,45
53,1793,1230,52,16,42
53,1828,1848,12,20,35
53,1831,1622,813,49,74
53,1838,1468,297,24,49
53,1872,1118,114,20,38
53,1893,1440,81,24,48
53,1898,867,0,9,31
53,1903,155,732,34,74
53,1905,1809,25,23,39
53,1906,149,348,41,126
53,1911,1186,253,28,66
53,1917,1194,258,20,36
53,1936,537,62,24,48
53,1937,6,258,19,34
53,1938,510,235,34,45
53,1939,602,56,20,48
53,1940,1994,110,20,57
53,1941,1448,20,19,39
53,1944,1206,474,59,110
53,1946,2094,0,20,38
53,1951,1426,89,35,79
53,1953,1081,103,34,69
53,1954,1458,0,20,48
53,1955,1183,77,28,54
53,1957,1437,86,24,46
53,1958,898,468,20,66
53,1960,1210,265,41,93
53,1961,659,25,24,43
53,1962,1198,184,28,66
53,1963,470,108,19,45
53,1968,1445,259,59,104
53,1969,1774,20,20,52
53,1974,1164,263,49,69
53,1976,2,82,24,37
53,1977,1140,1224,20,93
53,1978,1559,479,41,68
53,1982,418,340,59,116
53,1986,1614,12,20,62
53,1920,1944,3,20,36
53,1965,483,669,28,46
54,1760,559,50,24,45
54,1793,1230,52,16,42
54,1828,1848,12,20,35
54,1831,1589,743,103,154
54,1838,1468,296,24,49
54,1872,1120,108,20,38
54,1893,1440,81,24,48
54,1898,867,0,9,31
54,1903,155,732,34,74
54,1905,1809,25,23,39
54,1906,149,348,41,126
54,1911,1190,254,24,55
54,1917,1194,258,19,35
54,1936,540,62,24,48
54,1937,6,257,19,34
54,1938,511,238,34,44
54,1939,608,56,20,48
54,1940,1994,110,20,57
54,1941,1448,20,20,40
54,1944,1206,474,59,110
54,1946,2092,0,20,38
54,1951,1426,89,35,79
54,1953,1094,100,20,40
54,1954,1458,0,20,48
54,1955,1183,77,28,54
54,1957,1437,90,24,46
54,1958,896,468,20,66
54,1960,1210,265,41,93
54,1961,659,25,24,43
54,1962,1197,184,28,66
54,1963,474,108,20,46
54,1968,1445,259,59,104
54,1969,1774,20,20,52
54,1974,1176,179,59,83
54,1976,2,82,24,37
54,1977,1140,1224,20,93
54,1978,1557,470,49,82
54,1982,429,340,59,116
54,1986,1614,12,20,62
54,1920,1944,3,20,36
54,1965,483,669,28,46
55,1760,559,50,24,45
55,1793,1230,52,16,42
55,1828,1848,12,20,35
55,1831,1625,773,85,128
55,1838,1463,288,28,59
55,1872,1120,108,20,38
55,1893,1440,81,24,48
55,1898,867,0,9,31
55,1903,155,732,34,74
55,1905,1809,25,24,39
55,1906,149,348,41,126
55,1911,1190,254,24,55
55,1917,134,63,20,36
55,1936,540,62,23,47
55,1937,6,257,19,34
55,1938,508,235,34,44
55,1939,608,56,20,48
55,1940,1994,110,20,57
55,1941,1448,20,20,40
55,1944,1206,474,59,110
55,1946,2092,0,20,38
55,1951,1426,89,35,79
55,1953,1085,103,34,69
55,1954,1438,12,20,48
55,1955,1183,77,28,54
55,1957,1437,89,24,46
55,1958,898,468,20,66
55,1960,1210,264,41,93
55,1961,659,25,24,43
55,1962,1195,184,28,66
55,1963,474,108,19,45
55,1968,1445,259,59,104
55,1969,1774,20,20,52
55,1974,1182,185,59,83
55,1976,2,82,23,37
55,1977,1140,1224,20,93
55,1978,1557,470,49,81
55,1982,429,340,59,116
55,1986,1614,12,20,62
55,1920,1944,3,20,36
55,1965,483,669,28,46
56,1760,559,50,24,45
56,1793,1230,52,16,42
56,1828,1848,12,20,35
56,1831,1599,758,103,154
56,1838,1465,276,34,70
56,1872,1118,117,20,38
56,1893,1440,81,24,48
56,1898,867,0,9,31
56,1903,155,732,34,74
56,1905,1809,25,23,39
56,1906,149,348,41,126
56,1911,1190,255,23,55
56,1917,133,63,19,35
56,1936,540,62,23,47
56,1937,6,252,20,35
56,1938,504,231,34,44
56,1939,608,56,20,48
56,1940,1994,110,20,57
56,1941,1448,20,19,39
56,1944,1206,474,59,110
56,1946,2092,0,20,38
56,1951,1426,89,35,79
56,1953,1085,103,34,69
56,1954,1438,12,20,48
56,1955,1183,77,28,54
56,1957,1437,89,24,46
56,1958,894,474,20,66
56,1960,1210,264,41,94
56,1961,659,25,24,43
56,1962,1195,184,28,66
56,1963,475,108,19,45
56,1968,1445,259,59,104
56,1969,1774,20,20,52
56,1974,1182,185,59,83
56,1976,2,82,24,37
56,1977,1140,1224,20,93
56,1978,1557,470,49,82
56,1982,429,340,59,116
56,1986,1614,12,20,62
56,1920,1944,3,20,36
56,1965,483,669,28,46
57,1760,559,50,24,46
57,1793,1230,52,16,42
57,1828,1848,12,20,35
57,1831,1590,773,85,128
57,1838,1465,276,34,70
57,1872,1120,114,20,38
57,1893,1440,81,24,48
57,1898,867,0,9,31
57,1903,155,732,34,74
57,1905,1809,25,24,39
57,1906,149,348,41,126
57,1911,1190,256,23,55
57,1917,1198,261,20,36
57,1936,540,62,23,47
57,1937,6,258,20,35
57,1938,504,231,34,44
57,1939,608,56,20,48
57,1940,1996,110,20,57
57,1941,1448,20,19,39
57,1944,1206,474,59,110
57,1946,2092,0,20,38
57,1951,1426,89,35,79
57,1953,1088,103,34,69
57,1954,1438,12,20,48
57,1955,1183,77,28,54
57,1957,1437,89,24,46
57,1958,896,468,20,66
57,1960,1215,276,28,64
57,1961,659,25,24,43
57,1962,1194,184,28,66
57,1963,476,108,20,46
57,1968,1445,259,59,104
57,1969,1772,15,20,52
57,1974,1184,174,49,69
57,1976,2,82,24,37
57,1977,1140,1224,20,93
57,1978,1557,470,49,82
57,1982,429,340,59,116
57,1986,1614,12,20,62
57,1920,1944,3,20,36
57,1965,483,669,28,46
