1,1775,1419,140,34,66
1,1801,736,173,33,88
1,1833,956,358,82,172
1,1845,1681,82,14,21
1,1895,1541,123,28,53
1,1896,1515,97,26,44
1,1897,1573,91,21,45
1,1971,1067,269,60,135
1,1992,1435,83,11,30
1,1993,1500,80,17,35
1,1994,1409,85,12,23
2,1775,1419,140,34,66
2,1801,736,173,33,88
2,1833,956,358,82,172
2,1845,1681,82,14,21
2,1895,1541,123,28,53
2,1896,1515,97,26,44
2,1897,1573,91,21,45
2,1971,1066,269,60,135
2,1992,1435,83,11,30
2,1993,1500,80,17,35
2,1994,1409,85,12,23
3,1775,1419,140,34,66
3,1801,736,173,33,88
3,1833,956,358,82,172
3,1845,1681,82,14,21
3,1895,1541,123,28,53
3,1896,1514,95,27,45
3,1897,1573,91,21,45
3,1971,1064,270,60,135
3,1992,1435,83,11,30
3,1993,1500,80,17,35
3,1994,1409,85,12,23
4,1775,1419,140,34,66
4,1801,736,173,33,88
4,1833,956,358,82,172
4,1845,1681,82,14,21
4,1895,1541,123,28,53
4,1896,1514,95,27,45
4,1897,1573,91,21,45
4,1971,1063,271,60,135
4,1992,1435,83,11,30
4,1993,1500,80,17,35
4,1994,1409,85,12,23
5,1775,1419,140,34,66
5,1801,736,173,33,88
5,1833,956,358,82,172
5,1845,1681,82,14,21
5,1895,1541,123,28,53
5,1896,1515,95,27,45
5,1897,1573,91,21,45
5,1971,1062,272,60,135
5,1992,1435,83,11,30
5,1993,1500,80,17,35
5,1994,1409,85,12,23
6,1775,1419,140,34,66
6,1801,736,173,33,88
6,1833,956,358,82,172
6,1845,1681,82,14,21
6,1895,1541,123,28,53
6,1896,1515,95,27,45
6,1897,1573,91,21,45
6,1971,1061,273,60,135
6,1992,1435,83,11,30
6,1993,1500,80,17,35
6,1994,1409,85,12,23
7,1775,1419,140,34,66
7,1801,736,173,33,88
7,1833,956,358,82,172
7,1845,1681,82,14,21
7,1895,1541,123,28,53
7,1896,1515,95,27,45
7,1897,1573,91,21,45
7,1971,1060,274,60,135
7,1992,1435,83,11,30
7,1993,1500,80,17,35
7,1994,1409,85,12,23
8,1775,1419,140,34,66
8,1801,736,173,33,88
8,1833,956,358,82,172
8,1845,1681,82,14,21
8,1895,1541,123,28,53
8,1896,1515,95,27,45
8,1897,1573,91,21,45
8,1971,1060,274,60,135
8,1992,1435,83,11,30
8,1993,1500,80,17,35
8,1994,1409,85,12,23
9,1775,1419,140,34,66
9,1801,736,173,33,88
9,1833,956,358,82,172
9,1845,1681,82,14,21
9,1895,1541,123,28,53
9,1896,1515,95,27,45
9,1897,1573,91,21,45
9,1971,1059,275,60,135
9,1992,1435,83,11,30
9,1993,1500,80,17,35
9,1994,1409,85,12,23
10,1775,1419,140,34,66
10,1801,736,173,33,88
10,1833,956,358,82,172
10,1845,1681,82,14,21
10,1895,1541,123,28,53
10,1896,1515,95,27,45
10,1897,1573,91,21,45
10,1971,1058,275,60,135
10,1992,1435,83,11,30
10,1993,1500,80,17,35
10,1994,1409,85,12,23
11,1775,1419,140,34,66
11,1801,736,173,33,88
11,1833,956,358,82,172
11,1845,1681,82,14,21
11,1895,1541,123,28,53
11,1896,1515,95,27,45
11,1897,1573,91,21,45
11,1971,1058,275,60,135
11,1992,1435,83,11,30
11,1993,1500,80,17,35
11,1994,1409,85,12,23
12,1775,1419,140,34,66
12,1801,736,173,33,88
12,1833,956,358,82,172
12,1845,1681,82,14,21
12,1895,1541,123,28,53
12,1896,1515,95,27,45
12,1897,1573,91,21,45
12,1971,1057,275,60,135
12,1992,1435,83,11,30
12,1993,1500,80,17,35
12,1994,1409,85,12,23
13,1775,1419,140,34,66
13,1801,736,173,33,88
13,1833,956,358,82,172
13,1845,1681,82,14,21
13,1895,1541,123,28,53
13,1896,1515,95,27,45
13,1897,1573,91,21,45
13,1971,1056,275,60,135
13,1992,1435,83,11,30
13,1993,1500,80,17,35
13,1994,1409,85,12,23
14,1775,1419,140,34,66
14,1801,736,173,33,88
14,1833,956,358,82,172
14,1845,1681,82,14,21
14,1895,1541,123,28,53
14,1896,1515,95,27,45
14,1897,1573,91,21,45
14,1971,1056,275,60,135
14,1992,1435,83,11,30
14,1993,1500,80,17,35
14,1994,1409,85,12,23
15,1775,1419,140,34,66
15,1801,736,173,33,88
15,1833,956,358,82,172
15,1845,1681,82,14,21
15,1895,1541,123,28,53
15,1896,1515,95,27,45
15,1897,1573,91,21,45
15,1971,1055,276,60,135
15,1992,1435,83,11,30
15,1993,1500,80,17,35
15,1994,1409,85,12,23
16,1775,1419,140,34,66
16,1801,736,173,33,88
16,1833,956,358,82,172
16,1845,1681,82,14,21
16,1895,1541,123,28,53
16,1896,1515,95,27,45
16,1897,1573,91,21,45
16,1971,1055,276,60,135
16,1992,1435,83,11,30
16,1993,1500,80,17,35
16,1994,1409,85,12,23
17,1775,1419,140,34,66
17,1801,736,173,33,88
17,1833,956,358,82,172
17,1845,1681,82,14,21
17,1895,1541,123,28,53
17,1896,1515,95,27,45
17,1897,1573,91,21,45
17,1971,1054,277,60,135
17,1992,1435,83,11,30
17,1993,1500,80,17,35
17,1994,1409,85,12,23
18,1775,1419,140,34,66
18,1801,736,173,33,88
18,1833,956,358,82,172
18,1845,1681,82,14,21
18,1895,1541,123,28,53
18,1896,1515,95,27,45
18,1897,1573,91,21,45
18,1971,1053,278,60,135
18,1992,1435,83,11,30
18,1993,1500,80,17,35
18,1994,1409,85,12,23
19,1775,1419,140,34,66
19,1801,736,173,33,88
19,1833,956,358,82,172
19,1845,1681,82,14,21
19,1895,1541,123,28,53
19,1896,1515,95,27,45
19,1897,1573,91,21,45
19,1971,1053,279,60,135
19,1992,1435,83,11,30
19,1993,1500,80,17,35
19,1994,1409,85,12,23
20,1775,1419,140,34,66
20,1801,736,173,33,88
20,1833,956,358,82,172
20,1845,1681,82,14,21
20,1895,1541,123,28,53
20,1896,1515,95,27,45
20,1897,1573,91,21,45
20,1971,1052,280,60,135
20,1992,1435,83,11,30
20,1993,1500,80,17,35
20,1994,1409,85,12,23
21,1775,1419,140,34,66
21,1801,736,173,33,88
21,1833,956,358,82,172
21,1845,1681,82,14,21
21,1895,1541,123,28,53
21,1896,1515,95,27,45
21,1897,1573,91,21,45
21,1971,1051,281,60,135
21,1992,1435,83,11,30
21,1993,1500,80,17,35
21,1994,1409,85,12,23
22,1775,1419,140,34,66
22,1801,736,173,33,88
22,1833,956,358,82,172
22,1845,1681,82,14,21
22,1895,1541,123,28,53
22,1896,1515,95,27,45
22,1897,1573,91,21,45
22,1971,1050,282,60,135
22,1992,1435,83,11,30
22,1993,1500,80,17,35
22,1994,1409,85,12,23
23,1775,1419,140,34,66
23,1801,736,173,33,88
23,1833,956,358,82,172
23,1845,1681,82,14,21
23,1895,1541,123,28,53
23,1896,1515,95,27,45
23,1897,1573,91,21,45
23,1971,1049,283,60,135
23,1992,1435,83,11,30
23,1993,1500,80,17,35
23,1994,1409,85,12,23
24,1775,1419,140,34,66
24,1801,736,173,33,88
24,1833,956,358,82,172
24,1845,1681,82,14,21
24,1895,1541,123,28,53
24,1896,1515,95,27,45
24,1897,1573,91,21,45
24,1971,1048,284,60,135
24,1992,1435,83,11,30
24,1993,1500,80,17,35
24,1994,1409,85,12,23
25,1775,1419,140,34,66
25,1801,736,173,33,88
25,1833,956,358,82,172
25,1845,1681,82,14,21
25,1895,1541,123,28,53
25,1896,1515,95,27,45
25,1897,1573,91,21,45
25,1971,1047,284,60,135
25,1992,1435,83,11,30
25,1993,1500,80,17,35
25,1994,1409,85,12,23
26,1775,1419,140,34,66
26,1801,736,173,33,88
26,1833,956,358,82,172
26,1845,1681,82,14,21
26,1895,1541,123,28,53
26,1896,1515,95,27,45
26,1897,1573,91,21,45
26,1971,1046,285,60,135
26,1992,1435,83,11,30
26,1993,1500,80,17,35
26,1994,1409,85,12,23
27,1775,1419,140,34,66
27,1801,736,173,33,88
27,1833,956,358,82,172
27,1845,1681,82,14,21
27,1895,1541,123,28,53
27,1896,1515,95,27,45
27,1897,1573,91,21,45
27,1971,1045,285,60,135
27,1992,1435,83,11,30
27,1993,1500,80,17,35
27,1994,1409,85,12,23
28,1775,1419,140,34,66
28,1801,736,173,33,88
28,1833,956,358,82,172
28,1845,1681,82,14,21
28,1895,1541,123,28,53
28,1896,1515,95,27,45
28,1897,1573,91,21,45
28,1971,1043,286,60,135
28,1992,1435,83,11,30
28,1993,1500,80,17,35
28,1994,1409,85,12,23
29,1775,1419,140,34,66
29,1801,736,173,33,88
29,1833,956,358,82,172
29,1845,1681,82,14,21
29,1895,1541,123,28,53
29,1896,1515,95,27,45
29,1897,1573,91,21,45
29,1971,1042,286,60,135
29,1992,1435,83,11,30
29,1993,1500,80,17,35
29,1994,1409,85,12,23
30,1775,1419,140,34,66
30,1801,736,173,33,88
30,1833,956,358,82,172
30,1845,1681,82,14,21
30,1895,1541,123,28,53
30,1896,1515,95,27,45
30,1897,1573,91,21,45
30,1971,1041,286,60,135
30,1992,1435,83,11,30
30,1993,1500,80,17,35
30,1994,1409,85,12,23
31,1775,1419,140,34,66
31,1801,736,173,33,88
31,1833,956,358,82,172
31,1845,1681,82,14,21
31,1895,1541,123,28,53
31,1896,1515,95,27,45
31,1897,1573,91,21,45
31,1971,1040,286,60,135
31,1992,1435,83,11,30
31,1993,1500,80,17,35
31,1994,1409,85,12,23
32,1775,1419,140,34,66
32,1801,736,173,33,88
32,1833,956,358,82,172
32,1845,1681,82,14,21
32,1895,1541,123,28,53
32,1896,1515,95,27,45
32,1897,1573,91,21,45
32,1971,1039,286,60,135
32,1992,1435,83,11,30
32,1993,1500,80,17,35
32,1994,1409,85,12,23
33,1775,1419,140,34,66
33,1801,736,173,33,88
33,1833,956,358,82,172
33,1845,1681,82,14,21
33,1895,1541,123,28,53
33,1896,1515,95,27,45
33,1897,1573,91,21,45
33,1971,1038,287,60,135
33,1992,1435,83,11,30
33,1993,1500,80,17,35
33,1994,1409,85,12,23
34,1775,1419,140,34,66
34,1801,736,173,33,88
34,1833,956,358,82,172
34,1845,1681,82,14,21
34,1895,1541,123,28,53
34,1896,1515,95,27,45
34,1897,1573,91,21,45
34,1971,1037,288,60,135
34,1992,1435,83,11,30
34,1993,1500,80,17,35
34,1994,1409,85,12,23
35,1775,1419,140,34,66
35,1801,736,173,33,88
35,1833,956,358,82,172
35,1845,1681,82,14,21
35,1895,1541,123,28,53
35,1896,1515,95,27,45
35,1897,1573,91,21,45
35,1971,1036,289,60,135
35,1992,1435,83,11,30
35,1993,1500,80,17,35
35,1994,1409,85,12,23
36,1775,1419,140,34,66
36,1801,736,173,33,88
36,1833,956,358,82,172
36,1845,1681,82,14,21
36,1895,1541,123,28,53
36,1896,1515,95,27,45
36,1897,1573,91,21,45
36,1971,1035,290,60,135
36,1992,1435,83,11,30
36,1993,1500,80,17,35
36,1994,1409,85,12,23
37,1775,1419,140,34,66
37,1801,736,173,33,88
37,1833,956,358,82,172
37,1845,1681,82,14,21
37,1895,1541,123,28,53
37,1896,1515,95,27,45
37,1897,1573,91,21,45
37,1971,1034,292,60,135
37,1992,1435,83,11,30
37,1993,1500,80,17,35
37,1994,1409,85,12,23
38,1775,1419,140,34,66
38,1801,736,173,33,88
38,1833,956,358,82,172
38,1845,1681,82,14,21
38,1895,1541,123,28,53
38,1896,1515,95,27,45
38,1897,1573,91,21,45
38,1971,1033,293,60,135
38,1992,1435,83,11,30
38,1993,1500,80,17,35
38,1994,1409,85,12,23
39,1775,1419,140,34,66
39,1801,736,173,33,88
39,1833,956,358,82,172
39,1845,1681,82,14,21
39,1895,1541,123,28,53
39,1896,1515,95,27,45
39,1897,1573,91,21,45
39,1971,1032,294,60,135
39,1992,1435,83,11,30
39,1993,1500,80,17,35
39,1994,1409,85,12,23
40,1775,1419,140,34,66
40,1801,736,173,33,88
40,1833,956,358,82,172
40,1845,1681,82,14,21
40,1895,1541,123,28,53
40,1896,1515,95,27,45
40,1897,1573,91,21,45
40,1971,1031,295,60,135
40,1992,1435,83,11,30
40,1993,1500,80,17,35
40,1994,1409,85,12,23
41,1775,1419,140,34,66
41,1801,736,173,33,88
41,1833,956,358,82,172
41,1845,1681,82,14,21
41,1895,1541,123,28,53
41,1896,1515,95,27,45
41,1897,1573,91,21,45
41,1971,1030,296,60,135
41,1992,1435,83,11,30
41,1993,1500,80,17,35
41,1994,1409,85,12,23
42,1775,1419,140,34,66
42,1801,736,173,33,88
42,1833,956,358,82,172
42,1845,1681,82,14,21
42,1895,1541,123,28,53
42,1896,1515,95,27,45
42,1897,1573,91,21,45
42,1971,1029,297,60,135
42,1992,1435,83,11,30
42,1993,1500,80,17,35
42,1994,1409,85,12,23
43,1775,1419,140,34,66
43,1801,736,173,33,88
43,1833,956,358,82,172
43,1845,1681,82,14,21
43,1895,1541,123,28,53
43,1896,1515,95,27,45
43,1897,1573,91,21,45
43,1971,1028,298,60,135
43,1992,1435,83,11,30
43,1993,1500,80,17,35
43,1994,1409,85,12,23
44,1775,1419,140,34,66
44,1801,736,173,33,88
44,1833,956,358,82,172
44,1845,1681,82,14,21
44,1895,1541,123,28,53
44,1896,1515,95,27,45
44,1897,1573,91,21,45
44,1971,1027,298,60,135
44,1992,1435,83,11,30
44,1993,1500,80,17,35
44,1994,1409,85,12,23
44,1880,1911,103,9,50
45,1775,1419,140,34,66
45,1801,736,173,33,88
45,1833,956,358,82,172
45,1845,1681,82,14,21
45,1895,1541,123,28,53
45,1896,1515,95,27,45
45,1897,1573,91,21,45
45,1971,1026,299,60,135
45,1992,1435,83,11,30
45,1993,1500,80,17,35
45,1994,1409,85,12,23
45,1880,1911,103,9,50
46,1775,1419,140,34,66
46,1801,736,173,33,88
46,1833,956,358,82,172
46,1845,1681,82,14,21
46,1895,1541,123,28,53
46,1896,1515,95,27,45
46,1897,1573,91,21,45
46,1971,1025,299,60,135
46,1992,1435,83,11,30
46,1993,1500,80,17,35
46,1994,1409,85,12,23
46,1880,1911,103,9,50
47,1775,1419,140,34,66
47,1801,736,173,33,88
47,1833,956,358,82,172
47,1845,1681,82,14,21
47,1895,1541,123,28,53
47,1896,1515,95,27,45
47,1897,1573,91,21,45
47,1971,1024,300,60,135
47,1992,1435,83,11,30
47,1993,1500,80,17,35
47,1994,1409,85,12,23
47,1880,1911,103,9,50
48,1775,1419,140,34,66
48,1801,736,173,33,88
48,1833,956,358,82,172
48,1845,1681,82,14,21
48,1895,1541,123,28,53
48,1896,1515,95,27,45
48,1897,1573,91,21,45
48,1971,1023,300,60,135
48,1992,1435,83,11,30
48,1993,1500,80,17,35
48,1994,1409,85,12,23
48,1880,1911,103,9,50
49,1775,1419,140,34,66
49,1801,736,173,33,88
49,1833,956,358,82,172
49,1845,1681,82,14,21
49,1895,1541,123,28,53
49,1896,1515,95,27,45
49,1897,1573,91,21,45
49,1971,1022,301,60,135
49,1992,1435,83,11,30
49,1993,1500,80,17,35
49,1994,1409,85,12,23
49,1880,1911,103,9,50
50,1775,1419,140,34,66
50,1801,736,173,33,88
50,1833,956,358,82,172
50,1845,1681,82,14,21
50,1895,1541,123,28,53
50,1896,1515,95,27,45
50,1897,1573,91,21,45
50,1971,1021,302,60,135
50,1992,1435,83,11,30
50,1993,1500,80,17,35
50,1994,1409,85,12,23
50,1880,1911,103,9,50
51,1775,1419,140,34,66
51,1801,736,173,33,88
51,1833,956,358,82,172
51,1845,1681,82,14,21
51,1895,1541,123,28,53
51,1896,1515,95,27,45
51,1897,1573,91,21,45
51,1971,1020,303,60,135
51,1992,1435,83,11,30
51,1993,1500,80,17,35
51,1994,1409,85,12,23
51,1880,1911,103,9,50
52,1775,1419,140,34,66
52,1801,736,173,33,88
52,1833,956,358,82,172
52,1845,1681,82,14,21
52,1895,1541,123,28,53
52,1896,1515,95,27,45
52,1897,1573,91,21,45
52,1971,1019,304,60,135
52,1992,1435,83,11,30
52,1993,1500,80,17,35
52,1994,1409,85,12,23
52,1880,1911,103,9,50
53,1775,1419,140,34,66
53,1801,736,173,33,88
53,1833,956,358,82,172
53,1845,1681,82,14,21
53,1895,1541,123,28,53
53,1896,1515,95,27,45
53,1897,1573,91,21,45
53,1971,1018,306,60,135
53,1992,1435,83,11,30
53,1993,1500,80,17,35
53,1994,1409,85,12,23
53,1880,1911,103,9,50
54,1775,1419,140,34,66
54,1801,736,173,33,88
54,1833,956,358,82,172
54,1845,1681,82,14,21
54,1895,1541,123,28,53
54,1896,1515,95,27,45
54,1897,1573,91,21,45
54,1971,1017,307,60,135
54,1992,1435,83,11,30
54,1993,1500,80,17,35
54,1994,1409,85,12,23
54,1880,1911,103,9,50
55,1775,1419,140,34,66
55,1801,736,173,33,88
55,1833,956,358,82,172
55,1845,1681,82,14,21
55,1895,1541,123,28,53
55,1896,1515,95,27,45
55,1897,1573,91,21,45
55,1971,1016,309,60,135
55,1992,1435,83,11,30
55,1993,1500,80,17,35
55,1994,1409,85,12,23
55,1880,1911,103,9,50
56,1775,1419,140,34,66
56,1801,736,173,33,88
56,1833,956,358,82,172
56,1845,1681,82,14,21
56,1895,1541,123,28,53
56,1896,1515,95,27,45
56,1897,1573,91,21,45
56,1971,1015,310,60,135
56,1992,1435,83,11,30
56,1993,1500,80,17,35
56,1994,1409,85,12,23
56,1880,1911,103,9,50
57,1775,1419,140,34,66
57,1801,736,173,33,88
57,1833,956,358,82,172
57,1845,1681,82,14,21
57,1895,1541,123,28,53
57,1896,1515,95,27,45
57,1897,1573,91,21,45
57,1971,1013,311,60,135
57,1992,1435,83,11,30
57,1993,1500,80,17,35
57,1994,1409,85,12,23
57,1880,1911,103,9,50
58,1775,1419,140,34,66
58,1801,736,173,33,88
58,1833,956,358,82,172
58,1845,1681,82,14,21
58,1895,1541,123,28,53
58,1896,1515,95,27,45
58,1897,1573,91,21,45
58,1971,1012,312,60,135
58,1992,1435,83,11,30
58,1993,1500,80,17,35
58,1994,1409,85,12,23
58,1880,1911,103,9,50
59,1775,1419,140,34,66
59,1801,736,173,33,88
59,1833,956,358,82,172
59,1845,1681,82,14,21
59,1895,1541,123,28,53
59,1896,1515,95,27,45
59,1897,1573,91,21,45
59,1971,1010,313,60,135
59,1992,1435,83,11,30
59,1993,1500,80,17,35
59,1994,1409,85,12,23
59,1880,1911,103,9,50
60,1775,1419,140,34,66
60,1801,736,173,33,88
60,1833,956,358,82,172
60,1845,1681,82,14,21
60,1895,1541,123,28,53
60,1896,1515,95,27,45
60,1897,1573,91,21,45
60,1971,1009,314,60,135
60,1992,1435,83,11,30
60,1993,1500,80,17,35
60,1994,1409,85,12,23
60,1880,1911,103,9,50
61,1775,1419,140,34,66
61,1801,736,173,33,88
61,1833,956,358,82,172
61,1845,1681,82,14,21
61,1895,1541,123,28,53
61,1896,1515,95,27,45
61,1897,1573,91,21,45
61,1971,1007,314,60,135
61,1992,1435,83,11,30
61,1993,1500,80,17,35
61,1994,1409,85,12,23
61,1880,1911,103,9,50
62,1775,1419,140,34,66
62,1801,736,173,33,88
62,1833,956,358,82,172
62,1845,1681,82,14,21
62,1895,1541,123,28,53
62,1896,1515,95,27,45
62,1897,1573,91,21,45
62,1971,1006,315,60,135
62,1992,1435,83,11,30
62,1993,1500,80,17,35
62,1994,1409,85,12,23
62,1880,1911,103,9,50
63,1775,1419,140,34,66
63,1801,736,173,33,88
63,1833,956,358,82,172
63,1845,1681,82,14,21
63,1895,1541,123,28,53
63,1896,1515,95,27,45
63,1897,1573,91,21,45
63,1971,1004,315,60,135
63,1992,1435,83,11,30
63,1993,1500,80,17,35
63,1994,1409,85,12,23
63,1880,1911,103,9,50
64,1775,1419,140,34,66
64,1801,736,173,33,88
64,1833,956,358,82,172
64,1845,1681,82,14,21
64,1895,1541,123,28,53
64,1896,1515,95,27,45
64,1897,1573,91,21,45
64,1971,1003,315,60,135
64,1992,1435,83,11,30
64,1993,1500,80,17,35
64,1994,1409,85,12,23
64,1880,1911,103,9,50
65,1775,1419,140,34,66
65,1801,736,173,33,88
65,1833,956,358,82,172
65,1845,1681,82,14,21
65,1895,1541,123,28,53
65,1896,1515,95,27,45
65,1897,1573,91,21,45
65,1971,1001,315,60,135
65,1992,1435,83,11,30
65,1993,1500,80,17,35
65,1994,1409,85,12,23
65,1880,1911,103,9,50
66,1775,1419,140,34,66
66,1801,736,173,33,88
66,1833,956,358,82,172
66,1845,1681,82,14,21
66,1895,1541,123,28,53
66,1896,1515,95,27,45
66,1897,1573,91,21,45
66,1971,1000,315,60,135
66,1992,1435,83,11,30
66,1993,1500,80,17,35
66,1994,1409,85,12,23
66,1880,1911,103,9,50
67,1775,1419,140,34,66
67,1801,736,173,33,88
67,1833,956,358,82,172
67,1845,1681,82,14,21
67,1895,1541,123,28,53
67,1896,1515,95,27,45
67,1897,1573,91,21,45
67,1971,999,316,60,135
67,1992,1435,83,11,30
67,1993,1500,80,17,35
67,1994,1409,85,12,23
67,1880,1911,103,9,50
68,1775,1419,140,34,66
68,1801,736,173,33,88
68,1833,956,358,82,172
68,1845,1681,82,14,21
68,1895,1541,123,28,53
68,1896,1515,95,27,45
68,1897,1573,91,21,45
68,1971,997,317,60,135
68,1992,1435,83,11,30
68,1993,1500,80,17,35
68,1994,1409,85,12,23
68,1880,1911,103,9,50
69,1775,1419,140,34,66
69,1801,736,173,33,88
69,1833,956,358,82,172
69,1845,1681,82,14,21
69,1895,1541,123,28,53
69,1896,1515,95,27,45
69,1897,1573,91,21,45
69,1971,996,318,60,135
69,1992,1435,83,11,30
69,1993,1500,80,17,35
69,1994,1409,85,12,23
69,1880,1911,103,9,50
70,1775,1419,140,34,66
70,1801,736,173,33,88
70,1833,956,358,82,172
70,1845,1681,82,14,21
70,1895,1541,123,28,53
70,1896,1515,95,27,45
70,1897,1573,91,21,45
70,1971,994,320,60,135
70,1992,1435,83,11,30
70,1993,1500,80,17,35
70,1994,1409,85,12,23
70,1880,1911,103,9,50
71,1775,1419,140,34,66
71,1801,736,173,33,88
71,1833,956,358,82,172
71,1845,1681,82,14,21
71,1895,1541,123,28,53
71,1896,1515,95,27,45
71,1897,1573,91,21,45
71,1971,993,321,60,135
71,1992,1435,83,11,30
71,1993,1500,80,17,35
71,1994,1409,85,12,23
71,1880,1911,103,9,50
72,1775,1419,140,34,66
72,1801,736,173,33,88
72,1833,956,358,82,172
72,1845,1681,82,14,21
72,1895,1541,123,28,53
72,1896,1515,95,27,45
72,1897,1573,91,21,45
72,1971,992,323,60,135
72,1992,1435,83,11,30
72,1993,1500,80,17,35
72,1994,1409,85,12,23
72,1880,1911,103,9,50
73,1775,1419,140,34,66
73,1801,736,173,33,88
73,1833,956,358,82,172
73,1845,1681,82,14,21
73,1895,1541,123,28,53
73,1896,1515,95,27,45
73,1897,1573,91,21,45
73,1971,990,324,60,135
73,1992,1435,83,11,30
73,1993,1500,80,17,35
73,1994,1409,85,12,23
73,1880,1911,103,9,50
74,1775,1419,140,34,66
74,1801,736,173,33,88
74,1833,956,358,82,172
74,1845,1681,82,14,21
74,1895,1541,123,28,53
74,1896,1515,95,27,45
74,1897,1573,91,21,45
74,1971,989,325,60,135
74,1992,1435,83,11,30
74,1993,1500,80,17,35
74,1994,1409,85,12,23
74,1880,1911,103,9,50
75,1775,1419,140,34,66
75,1801,736,173,33,88
75,1833,956,358,82,172
75,1845,1681,82,14,21
75,1895,1541,123,28,53
75,1896,1515,95,27,45
75,1897,1573,91,21,45
75,1971,988,326,60,135
75,1992,1435,83,11,30
75,1993,1500,80,17,35
75,1994,1409,85,12,23
75,1880,1911,103,9,50
76,1775,1419,140,34,66
76,1801,736,173,33,88
76,1833,956,358,82,172
76,1845,1681,82,14,21
76,1895,1541,123,28,53
76,1896,1515,95,27,45
76,1897,1573,91,21,45
76,1971,986,327,60,135
76,1992,1435,83,11,30
76,1993,1500,80,17,35
76,1994,1409,85,12,23
76,1880,1911,103,9,50
77,1775,1419,140,34,66
77,1801,736,173,33,88
77,1833,956,358,82,172
77,1845,1681,82,14,21
77,1895,1541,123,28,53
77,1896,1515,95,27,45
77,1897,1573,91,21,45
77,1971,985,328,60,135
77,1992,1435,83,11,30
77,1993,1500,80,17,35
77,1994,1409,85,12,23
77,1880,1911,103,9,50
78,1775,1419,140,34,66
78,1801,736,173,33,88
78,1833,956,358,82,172
78,1845,1681,82,14,21
78,1895,1541,123,28,53
78,1896,1515,95,27,45
78,1897,1573,91,21,45
78,1971,984,328,60,135
78,1992,1435,83,11,30
78,1993,1500,80,17,35
78,1994,1409,85,12,23
78,1880,1911,103,9,50
79,1775,1419,140,34,66
79,1801,736,173,33,88
79,1833,956,358,82,172
79,1845,1681,82,14,21
79,1895,1541,123,28,53
79,1896,1515,95,27,45
79,1897,1573,91,21,45
79,1971,982,329,60,135
79,1992,1435,83,11,30
79,1993,1500,80,17,35
79,1994,1409,85,12,23
79,1880,1911,103,9,50
80,1775,1419,140,34,66
80,1801,736,173,33,88
80,1833,956,358,82,172
80,1845,1681,82,14,21
80,1895,1541,123,28,53
80,1896,1515,95,27,45
80,1897,1573,91,21,45
80,1971,981,329,60,135
80,1992,1435,83,11,30
80,1993,1500,80,17,35
80,1994,1409,85,12,23
80,1880,1911,103,9,50
81,1775,1419,140,34,66
81,1801,736,173,33,88
81,1833,956,358,82,172
81,1845,1681,82,14,21
81,1895,1541,123,28,53
81,1896,1515,95,27,45
81,1897,1573,91,21,45
81,1971,980,330,60,135
81,1992,1435,83,11,30
81,1993,1500,80,17,35
81,1994,1409,85,12,23
81,1880,1911,103,9,50
82,1775,1419,140,34,66
82,1801,736,173,33,88
82,1833,956,358,82,172
82,1845,1681,82,14,21
82,1895,1541,123,28,53
82,1896,1515,95,27,45
82,1897,1573,91,21,45
82,1971,978,330,60,135
82,1992,1435,83,11,30
82,1993,1500,80,17,35
82,1994,1409,85,12,23
82,1880,1911,103,9,50
83,1775,1419,140,34,66
83,1801,736,173,33,88
83,1833,956,358,82,172
83,1845,1681,82,14,21
83,1895,1541,123,28,53
83,1896,1515,95,27,45
83,1897,1573,91,21,45
83,1971,977,331,60,135
83,1992,1435,83,11,30
83,1993,1500,80,17,35
83,1994,1409,85,12,23
83,1880,1911,103,9,50
84,1775,1419,140,34,66
84,1801,736,173,33,88
84,1833,956,358,82,172
84,1845,1681,82,14,21
84,1895,1541,123,28,53
84,1896,1515,95,27,45
84,1897,1573,91,21,45
84,1971,976,332,60,135
84,1992,1435,83,11,30
84,1993,1500,80,17,35
84,1994,1409,85,12,23
84,1880,1911,103,9,50
85,1775,1419,140,34,66
85,1801,736,173,33,88
85,1833,956,358,82,172
85,1845,1681,82,14,21
85,1895,1541,123,28,53
85,1896,1515,95,27,45
85,1897,1573,91,21,45
85,1971,974,333,60,135
85,1992,1435,83,11,30
85,1993,1500,80,17,35
85,1994,1409,85,12,23
85,1880,1911,103,9,50
86,1775,1419,140,34,66
86,1801,736,173,33,88
86,1833,956,358,82,172
86,1845,1681,82,14,21
86,1895,1541,123,28,53
86,1896,1515,95,27,45
86,1897,1573,91,21,45
86,1971,973,335,60,135
86,1992,1435,83,11,30
86,1993,1500,80,17,35
86,1994,1409,85,12,23
86,1880,1911,103,9,50
87,1775,1419,140,34,66
87,1801,736,173,33,88
87,1833,956,358,82,172
87,1845,1681,82,14,21
87,1895,1541,123,28,53
87,1896,1515,95,27,45
87,1897,1573,91,21,45
87,1971,971,337,60,135
87,1992,1435,83,11,30
87,1993,1500,80,17,35
87,1994,1409,85,12,23
87,1880,1911,103,9,50
88,1775,1419,140,34,66
88,1801,736,173,33,88
88,1833,956,358,82,172
88,1845,1681,82,14,21
88,1895,1541,123,28,53
88,1896,1515,95,27,45
88,1897,1573,91,21,45
88,1971,969,338,60,135
88,1992,1435,83,11,30
88,1993,1500,80,17,35
88,1994,1409,85,12,23
88,1880,1911,103,9,50
89,1775,1419,140,34,66
89,1801,736,173,33,88
89,1833,956,358,82,172
89,1845,1681,82,14,21
89,1895,1541,123,28,53
89,1896,1515,95,27,45
89,1897,1573,91,21,45
89,1971,967,340,60,135
89,1992,1435,83,11,30
89,1993,1500,80,17,35
89,1994,1409,85,12,23
89,1880,1911,103,9,50
90,1775,1419,140,34,66
90,1801,736,173,33,88
90,1833,956,358,82,172
90,1845,1681,82,14,21
90,1895,1541,123,28,53
90,1896,1515,95,27,45
90,1897,1573,91,21,45
90,1971,965,341,60,135
90,1992,1435,83,11,30
90,1993,1500,80,17,35
90,1994,1409,85,12,23
90,1880,1911,103,9,50
91,1775,1419,140,34,66
91,1801,736,173,33,88
91,1833,956,358,82,172
91,1845,1681,82,14,21
91,1895,1541,123,28,53
91,1896,1515,95,27,45
91,1897,1573,91,21,45
91,1971,963,342,60,135
91,1992,1435,83,11,30
91,1993,1500,80,17,35
91,1994,1409,85,12,23
91,1880,1911,103,9,50
92,1775,1419,140,34,66
92,1801,736,173,33,88
92,1833,956,358,82,172
92,1845,1681,82,14,21
92,1895,1541,123,28,53
92,1896,1515,95,27,45
92,1897,1573,91,21,45
92,1971,961,343,60,135
92,1992,1435,83,11,30
92,1993,1500,80,17,35
92,1994,1409,85,12,23
92,1880,1911,103,9,50
93,1775,1419,140,34,66
93,1801,736,173,33,88
93,1833,956,358,82,172
93,1845,1681,82,14,21
93,1895,1541,123,28,53
93,1896,1515,95,27,45
93,1897,1573,91,21,45
93,1971,959,345,60,135
93,1992,1435,83,11,30
93,1993,1500,80,17,35
93,1994,1409,85,12,23
93,1880,1911,103,9,50
94,1775,1419,140,34,66
94,1801,736,173,33,88
94,1833,956,358,82,172
94,1845,1681,82,14,21
94,1895,1541,123,28,53
94,1896,1515,95,27,45
94,1897,1573,91,21,45
94,1971,957,346,60,135
94,1992,1435,83,11,30
94,1993,1500,80,17,35
94,1994,1409,85,12,23
94,1880,1911,103,9,50
95,1775,1419,140,34,66
95,1801,736,173,33,88
95,1833,956,358,82,172
95,1845,1681,82,14,21
95,1895,1541,123,28,53
95,1896,1515,95,27,45
95,1897,1573,91,21,45
95,1971,955,346,60,135
95,1992,1435,83,11,30
95,1993,1500,80,17,35
95,1994,1409,85,12,23
95,1880,1911,103,9,50
96,1775,1419,140,34,66
96,1801,736,173,33,88
96,1833,956,358,82,172
96,1845,1681,82,14,21
96,1895,1541,123,28,53
96,1896,1515,95,27,45
96,1897,1573,91,21,45
96,1971,953,346,60,135
96,1992,1435,83,11,30
96,1993,1500,80,17,35
96,1994,1409,85,12,23
96,1880,1911,103,9,50
97,1775,1419,140,34,66
97,1801,736,173,33,88
97,1833,956,358,82,172
97,1845,1681,82,14,21
97,1895,1541,123,28,53
97,1896,1515,95,27,45
97,1897,1573,91,21,45
97,1971,952,346,60,135
97,1992,1435,83,11,30
97,1993,1500,80,17,35
97,1994,1409,85,12,23
97,1880,1911,103,9,50
98,1775,1419,140,34,66
98,1801,736,173,33,88
98,1833,956,358,82,172
98,1845,1681,82,14,21
98,1895,1541,123,28,53
98,1896,1515,95,27,45
98,1897,1573,91,21,45
98,1971,951,346,60,135
98,1992,1435,83,11,30
98,1993,1500,80,17,35
98,1994,1409,85,12,23
98,1880,1911,103,9,50
99,1775,1419,140,34,66
99,1801,736,173,33,88
99,1833,956,358,82,172
99,1845,1681,82,14,21
99,1895,1541,123,28,53
99,1896,1515,95,27,45
99,1897,1573,91,21,45
99,1971,949,347,60,135
99,1992,1435,83,11,30
99,1993,1500,80,17,35
99,1994,1409,85,12,23
99,1880,1911,103,9,50
100,1775,1419,140,34,66
100,1801,736,173,33,88
100,1833,956,358,82,172
100,1845,1681,82,14,21
100,1895,1541,123,28,53
100,1896,1515,95,27,45
100,1897,1573,91,21,45
100,1971,947,348,60,135
100,1992,1435,83,11,30
100,1993,1500,80,17,35
100,1994,1409,85,12,23
100,1880,1911,103,9,50
101,1775,1419,140,34,66
101,1801,736,173,33,88
101,1833,956,358,82,172
101,1845,1681,82,14,21
101,1895,1541,123,28,53
101,1896,1515,95,27,45
101,1897,1573,91,21,45
101,1971,945,349,60,135
101,1992,1435,83,11,30
101,1993,1500,80,17,35
101,1994,1409,85,12,23
101,1880,1911,103,9,50
102,1775,1419,140,34,66
102,1801,736,173,33,88
102,1833,956,358,82,172
102,1845,1681,82,14,21
102,1895,1541,123,28,53
102,1896,1515,95,27,45
102,1897,1573,91,21,45
102,1971,943,351,60,135
102,1992,1435,83,11,30
102,1993,1500,80,17,35
102,1994,1409,85,12,23
102,1880,1911,103,9,50
103,1775,1419,140,34,66
103,1801,736,173,33,88
103,1833,956,358,82,172
103,1845,1681,82,14,21
103,1895,1541,123,28,53
103,1896,1515,95,27,45
103,1897,1573,91,21,45
103,1971,941,352,60,135
103,1992,1435,83,11,30
103,1993,1500,80,17,35
103,1994,1409,85,12,23
103,1880,1911,103,9,50
104,1775,1418,137,36,72
104,1833,956,358,82,172
104,1845,1681,82,14,21
104,1895,1541,123,28,53
104,1896,1515,95,27,45
104,1897,1573,91,21,45
104,1971,941,352,60,135
104,1992,1435,83,11,30
104,1993,1500,80,17,35
104,1994,1409,85,12,23
104,1880,1911,103,9,50
105,1775,1418,137,36,72
105,1833,956,358,82,172
105,1845,1681,82,14,21
105,1895,1541,123,28,53
105,1896,1515,95,27,45
105,1897,1573,91,21,45
105,1971,941,352,60,135
105,1992,1435,83,11,30
105,1993,1500,80,17,35
105,1994,1409,85,12,23
105,1880,1911,103,9,50
106,1775,1418,137,36,72
106,1833,956,358,82,172
106,1845,1681,82,14,21
106,1895,1541,123,28,53
106,1896,1515,95,27,45
106,1897,1573,91,21,45
106,1971,941,352,60,135
106,1992,1435,83,11,30
106,1993,1500,80,17,35
106,1994,1409,85,12,23
106,1880,1911,103,9,50
107,1775,1418,137,36,72
107,1833,956,358,82,172
107,1845,1681,82,14,21
107,1895,1541,123,28,53
107,1896,1515,95,27,45
107,1897,1573,91,21,45
107,1971,941,352,60,135
107,1992,1435,83,11,30
107,1993,1500,80,17,35
107,1994,1409,85,12,23
107,1880,1911,103,9,50
108,1775,1418,137,36,72
108,1833,956,358,82,172
108,1845,1681,82,14,21
108,1895,1541,123,28,53
108,1896,1515,95,27,45
108,1897,1573,91,21,45
108,1971,941,352,60,135
108,1992,1435,83,11,30
108,1993,1500,80,17,35
108,1994,1409,85,12,23
108,1880,1911,103,9,50
109,1775,1418,137,36,72
109,1833,956,358,82,172
109,1845,1681,82,14,21
109,1895,1541,123,28,53
109,1896,1515,95,27,45
109,1897,1573,91,21,45
109,1971,941,352,60,135
109,1992,1435,83,11,30
109,1993,1500,80,17,35
109,1994,1409,85,12,23
109,1880,1911,103,9,50
110,1775,1418,137,36,72
110,1833,956,358,82,172
110,1845,1681,82,14,21
110,1895,1541,123,28,53
110,1896,1515,95,27,45
110,1897,1573,91,21,45
110,1971,941,352,60,135
110,1992,1435,83,11,30
110,1993,1500,80,17,35
110,1994,1409,85,12,23
110,1880,1911,103,9,50
111,1775,1418,137,36,72
111,1833,956,358,82,172
111,1845,1681,82,14,21
111,1895,1541,123,28,53
111,1896,1515,95,27,45
111,1897,1573,91,21,45
111,1971,941,352,60,135
111,1992,1435,83,11,30
111,1993,1500,80,17,35
111,1994,1409,85,12,23
111,1880,1911,103,9,50
112,1775,1418,137,36,72
112,1833,956,358,82,172
112,1845,1681,82,14,21
112,1895,1541,123,28,53
112,1896,1515,95,27,45
112,1897,1573,91,21,45
112,1971,941,352,60,135
112,1992,1435,83,11,30
112,1993,1500,80,17,35
112,1994,1409,85,12,23
112,1880,1911,103,9,50
113,1775,1418,137,36,72
113,1833,956,358,82,172
113,1845,1681,82,14,21
113,1895,1541,123,28,53
113,1896,1515,95,27,45
113,1897,1573,91,21,45
113,1971,941,352,60,135
113,1992,1435,83,11,30
113,1993,1500,80,17,35
113,1994,1409,85,12,23
113,1880,1911,103,9,50
114,1775,1418,137,36,72
114,1833,956,358,82,172
114,1845,1681,82,14,21
114,1895,1541,123,28,53
114,1896,1515,95,27,45
114,1897,1573,91,21,45
114,1971,941,352,60,135
114,1992,1435,83,11,30
114,1993,1500,80,17,35
114,1994,1409,85,12,23
114,1880,1911,103,9,50
115,1775,1418,137,36,72
115,1833,956,358,82,172
115,1845,1681,82,14,21
115,1895,1541,123,28,53
115,1896,1515,95,27,45
115,1897,1573,91,21,45
115,1971,941,352,60,135
115,1992,1435,83,11,30
115,1993,1500,80,17,35
115,1994,1409,85,12,23
115,1880,1911,103,9,50
116,1775,1418,137,36,72
116,1833,956,358,82,172
116,1845,1681,82,14,21
116,1895,1541,123,28,53
116,1896,1515,95,27,45
116,1897,1573,91,21,45
116,1971,941,352,60,135
116,1992,1435,83,11,30
116,1993,1500,80,17,35
116,1994,1409,85,12,23
116,1880,1911,103,9,50
117,1775,1418,137,36,72
117,1833,956,358,82,172
117,1845,1681,82,14,21
117,1895,1541,123,28,53
117,1896,1515,95,27,45
117,1897,1573,91,21,45
117,1971,941,352,60,135
117,1992,1435,83,11,30
117,1993,1500,80,17,35
117,1994,1409,85,12,23
117,1880,1911,103,9,50
118,1775,1418,137,36,72
118,1833,956,358,82,172
118,1845,1681,82,14,21
118,1895,1541,123,28,53
118,1896,1515,95,27,45
118,1897,1573,91,21,45
118,1971,941,352,60,135
118,1992,1435,83,11,30
118,1993,1500,80,17,35
118,1994,1409,85,12,23
118,1880,1911,103,9,50
119,1775,1418,137,36,72
119,1833,956,358,82,172
119,1845,1681,82,14,21
119,1895,1541,123,28,53
119,1896,1515,95,27,45
119,1897,1573,91,21,45
119,1971,941,352,60,135
119,1992,1435,83,11,30
119,1993,1500,80,17,35
119,1994,1409,85,12,23
119,1880,1911,103,9,50
120,1775,1418,137,36,72
120,1833,956,358,82,172
120,1845,1681,82,14,21
120,1895,1541,123,28,53
120,1896,1515,95,27,45
120,1897,1573,91,21,45
120,1971,941,352,60,135
120,1992,1435,83,11,30
120,1993,1500,80,17,35
120,1994,1409,85,12,23
120,1880,1911,103,9,50
121,1775,1418,137,36,72
121,1833,956,358,82,172
121,1845,1681,82,14,21
121,1895,1541,123,28,53
121,1896,1515,95,27,45
121,1897,1573,91,21,45
121,1971,941,352,60,135
121,1992,1435,83,11,30
121,1993,1500,80,17,35
121,1994,1409,85,12,23
121,1880,1911,103,9,50
122,1775,1418,137,36,72
122,1833,956,358,82,172
122,1845,1681,82,14,21
122,1895,1541,123,28,53
122,1896,1515,95,27,45
122,1897,1573,91,21,45
122,1971,941,352,60,135
122,1992,1435,83,11,30
122,1993,1500,80,17,35
122,1994,1409,85,12,23
122,1880,1911,103,9,50
123,1775,1418,137,36,72
123,1833,956,358,82,172
123,1845,1681,82,14,21
123,1895,1541,123,28,53
123,1896,1515,95,27,45
123,1897,1573,91,21,45
123,1971,941,352,60,135
123,1992,1435,83,11,30
123,1993,1500,80,17,35
123,1994,1409,85,12,23
123,1880,1911,103,9,50
124,1775,1418,137,36,72
124,1833,956,358,82,172
124,1845,1681,82,14,21
124,1895,1541,123,28,53
124,1896,1515,95,27,45
124,1897,1573,91,21,45
124,1971,941,352,60,135
124,1992,1435,83,11,30
124,1993,1500,80,17,35
124,1994,1409,85,12,23
124,1880,1911,103,9,50
125,1775,1418,137,36,72
125,1833,956,358,82,172
125,1845,1681,82,14,21
125,1895,1541,123,28,53
125,1896,1515,95,27,45
125,1897,1573,91,21,45
125,1971,941,352,60,135
125,1992,1435,83,11,30
125,1993,1500,80,17,35
125,1994,1409,85,12,23
125,1880,1911,103,9,50
126,1775,1418,137,36,72
126,1833,956,358,82,172
126,1845,1681,82,14,21
126,1895,1541,123,28,53
126,1896,1515,95,27,45
126,1897,1573,91,21,45
126,1971,941,352,60,135
126,1992,1435,83,11,30
126,1993,1500,80,17,35
126,1994,1409,85,12,23
126,1880,1911,103,9,50
127,1775,1418,137,36,72
127,1833,956,358,82,172
127,1845,1681,82,14,21
127,1895,1541,123,28,53
127,1896,1515,95,27,45
127,1897,1573,91,21,45
127,1971,941,352,60,135
127,1992,1435,83,11,30
127,1993,1500,80,17,35
127,1994,1409,85,12,23
127,1880,1911,103,9,50
128,1775,1418,137,36,72
128,1833,956,358,82,172
128,1845,1681,82,14,21
128,1895,1541,123,28,53
128,1896,1515,95,27,45
128,1897,1573,91,21,45
128,1971,941,352,60,135
128,1992,1435,83,11,30
128,1993,1500,80,17,35
128,1994,1409,85,12,23
128,1880,1911,103,9,50
129,1775,1418,137,36,72
129,1833,956,358,82,172
129,1845,1681,82,14,21
129,1895,1541,123,28,53
129,1896,1515,95,27,45
129,1897,1573,91,21,45
129,1971,941,352,60,135
129,1992,1435,83,11,30
129,1993,1500,80,17,35
129,1994,1409,85,12,23
129,1880,1911,103,9,50
130,1775,1418,137,36,72
130,1833,956,358,82,172
130,1845,1681,82,14,21
130,1895,1541,123,28,53
130,1896,1515,95,27,45
130,1897,1573,91,21,45
130,1971,941,352,60,135
130,1992,1435,83,11,30
130,1993,1500,80,17,35
130,1994,1409,85,12,23
130,1880,1911,103,9,50
131,1775,1418,137,36,72
131,1833,956,358,82,172
131,1845,1681,82,14,21
131,1895,1541,123,28,53
131,1896,1515,95,27,45
131,1897,1573,91,21,45
131,1971,941,352,60,135
131,1992,1435,83,11,30
131,1993,1500,80,17,35
131,1994,1409,85,12,23
131,1880,1911,103,9,50
132,1775,1418,137,36,72
132,1833,956,358,82,172
132,1845,1681,82,14,21
132,1895,1541,123,28,53
132,1896,1515,95,27,45
132,1897,1573,91,21,45
132,1971,941,352,60,135
132,1992,1435,83,11,30
132,1993,1500,80,17,35
132,1994,1409,85,12,23
132,1880,1911,103,9,50
133,1775,1418,137,36,72
133,1833,956,358,82,172
133,1845,1681,82,14,21
133,1895,1541,123,28,53
133,1896,1515,95,27,45
133,1897,1573,91,21,45
133,1971,941,352,60,135
133,1992,1435,83,11,30
133,1993,1500,80,17,35
133,1994,1409,85,12,23
133,1880,1911,103,9,50
134,1775,1418,137,36,72
134,1833,956,358,82,172
134,1845,1681,82,14,21
134,1895,1541,123,28,53
134,1896,1515,95,27,45
134,1897,1573,91,21,45
134,1971,941,352,60,135
134,1992,1435,83,11,30
134,1993,1500,80,17,35
134,1994,1409,85,12,23
134,1880,1911,103,9,50
135,1775,1418,137,36,72
135,1833,956,358,82,172
135,1845,1681,82,14,21
135,1895,1541,123,28,53
135,1896,1515,95,27,45
135,1897,1573,91,21,45
135,1971,941,352,60,135
135,1992,1435,83,11,30
135,1993,1500,80,17,35
135,1994,1409,85,12,23
135,1880,1911,103,9,50
136,1775,1418,137,36,72
136,1833,956,358,82,172
136,1845,1681,82,14,21
136,1895,1541,123,28,53
136,1896,1515,95,27,45
136,1897,1573,91,21,45
136,1971,941,352,60,135
136,1992,1435,83,11,30
136,1993,1500,80,17,35
136,1994,1409,85,12,23
136,1880,1911,103,9,50
137,1775,1418,137,36,72
137,1833,956,358,82,172
137,1845,1681,82,14,21
137,1895,1541,123,28,53
137,1896,1515,95,27,45
137,1897,1573,91,21,45
137,1971,941,352,60,135
137,1992,1435,83,11,30
137,1993,1500,80,17,35
137,1994,1409,85,12,23
137,1880,1911,103,9,50
138,1775,1418,137,36,72
138,1833,956,358,82,172
138,1845,1681,82,14,21
138,1895,1541,123,28,53
138,1896,1515,95,27,45
138,1897,1573,91,21,45
138,1971,941,352,60,135
138,1992,1435,83,11,30
138,1993,1500,80,17,35
138,1994,1409,85,12,23
138,1880,1911,103,9,50
139,1775,1418,137,36,72
139,1833,956,358,82,172
139,1845,1681,82,14,21
139,1895,1541,123,28,53
139,1896,1515,95,27,45
139,1897,1573,91,21,45
139,1971,941,352,60,135
139,1992,1435,83,11,30
139,1993,1500,80,17,35
139,1994,1409,85,12,23
139,1880,1911,103,9,50
140,1775,1418,137,36,72
140,1833,956,358,82,172
140,1845,1681,82,14,21
140,1895,1541,123,28,53
140,1896,1515,95,27,45
140,1897,1573,91,21,45
140,1971,941,352,60,135
140,1992,1435,83,11,30
140,1993,1500,80,17,35
140,1994,1409,85,12,23
140,1880,1911,103,9,50
141,1775,1418,137,36,72
141,1833,956,358,82,172
141,1845,1681,82,14,21
141,1895,1541,123,28,53
141,1896,1515,95,27,45
141,1897,1573,91,21,45
141,1971,941,352,60,135
141,1992,1435,83,11,30
141,1993,1500,80,17,35
141,1994,1409,85,12,23
141,1880,1911,103,9,50
142,1775,1418,137,36,72
142,1833,956,358,82,172
142,1845,1681,82,14,21
142,1895,1541,123,28,53
142,1896,1515,95,27,45
142,1897,1573,91,21,45
142,1971,941,352,60,135
142,1992,1435,83,11,30
142,1993,1500,80,17,35
142,1994,1409,85,12,23
142,1880,1911,103,9,50
143,1775,1418,137,36,72
143,1833,956,358,82,172
143,1845,1681,82,14,21
143,1895,1541,123,28,53
143,1896,1515,95,27,45
143,1897,1573,91,21,45
143,1971,941,352,60,135
143,1992,1435,83,11,30
143,1993,1500,80,17,35
143,1994,1409,85,12,23
143,1880,1911,103,9,50
144,1775,1418,137,36,72
144,1833,956,358,82,172
144,1845,1681,82,14,21
144,1895,1541,123,28,53
144,1896,1515,95,27,45
144,1897,1573,91,21,45
144,1971,941,352,60,135
144,1992,1435,83,11,30
144,1993,1500,80,17,35
144,1994,1409,85,12,23
144,1880,1911,103,9,50
145,1775,1418,137,36,72
145,1833,956,358,82,172
145,1845,1681,82,14,21
145,1895,1541,123,28,53
145,1896,1515,95,27,45
145,1897,1573,91,21,45
145,1971,941,352,60,135
145,1992,1435,83,11,30
145,1993,1500,80,17,35
145,1994,1409,85,12,23
145,1880,1911,103,9,50
146,1775,1418,137,36,72
146,1833,956,358,82,172
146,1845,1681,82,14,21
146,1895,1541,123,28,53
146,1896,1515,95,27,45
146,1897,1573,91,21,45
146,1971,941,352,60,135
146,1992,1435,83,11,30
146,1993,1500,80,17,35
146,1994,1409,85,12,23
146,1880,1911,103,9,50
147,1775,1418,137,36,72
147,1833,956,358,82,172
147,1845,1681,82,14,21
147,1895,1541,123,28,53
147,1896,1515,95,27,45
147,1897,1573,91,21,45
147,1971,941,352,60,135
147,1992,1435,83,11,30
147,1993,1500,80,17,35
147,1994,1409,85,12,23
147,1880,1911,103,9,50
148,1775,1418,137,36,72
148,1833,956,358,82,172
148,1845,1681,82,14,21
148,1895,1541,123,28,53
148,1896,1515,95,27,45
148,1897,1573,91,21,45
148,1971,941,352,60,135
148,1992,1435,83,11,30
148,1993,1500,80,17,35
148,1994,1409,85,12,23
148,1880,1911,103,9,50
149,1775,1418,137,36,72
149,1833,956,358,82,172
149,1845,1681,82,14,21
149,1895,1541,123,28,53
149,1896,1515,95,27,45
149,1897,1573,91,21,45
149,1971,941,352,60,135
149,1992,1435,83,11,30
149,1993,1500,80,17,35
149,1994,1409,85,12,23
149,1880,1911,103,9,50
150,1775,1418,137,36,72
150,1833,956,358,82,172
150,1845,1681,82,14,21
150,1895,1541,123,28,53
150,1896,1515,95,27,45
150,1897,1573,91,21,45
150,1971,941,352,60,135
150,1992,1435,83,11,30
150,1993,1500,80,17,35
150,1994,1409,85,12,23
150,1880,1911,103,9,50
151,1775,1418,137,36,72
151,1833,956,358,82,172
151,1845,1681,82,14,21
151,1895,1541,123,28,53
151,1896,1515,95,27,45
151,1897,1573,91,21,45
151,1971,941,352,60,135
151,1992,1435,83,11,30
151,1993,1500,80,17,35
151,1994,1409,85,12,23
151,1880,1911,103,9,50
152,1775,1418,137,36,72
152,1833,956,358,82,172
152,1845,1681,82,14,21
152,1895,1541,123,28,53
152,1896,1515,95,27,45
152,1897,1573,91,21,45
152,1971,941,352,60,135
152,1992,1435,83,11,30
152,1993,1500,80,17,35
152,1994,1409,85,12,23
152,1880,1911,103,9,50
153,1775,1418,137,36,72
153,1833,956,358,82,172
153,1845,1681,82,14,21
153,1895,1541,123,28,53
153,1896,1515,95,27,45
153,1897,1573,91,21,45
153,1971,941,352,60,135
153,1992,1435,83,11,30
153,1993,1500,80,17,35
153,1994,1409,85,12,23
153,1880,1911,103,9,50
154,1775,1418,137,36,72
154,1833,956,358,82,172
154,1845,1681,82,14,21
154,1895,1541,123,28,53
154,1896,1515,95,27,45
154,1897,1573,91,21,45
154,1971,941,352,60,135
154,1992,1435,83,11,30
154,1993,1500,80,17,35
154,1994,1409,85,12,23
154,1880,1911,103,9,50
155,1775,1418,137,36,72
155,1833,956,358,82,172
155,1845,1681,82,14,21
155,1895,1541,123,28,53
155,1896,1515,95,27,45
155,1897,1573,91,21,45
155,1971,941,352,60,135
155,1992,1435,83,11,30
155,1993,1500,80,17,35
155,1994,1409,85,12,23
155,1880,1911,103,9,50
156,1775,1418,137,36,72
156,1833,956,358,82,172
156,1845,1681,82,14,21
156,1895,1541,123,28,53
156,1896,1515,95,27,45
156,1897,1573,91,21,45
156,1971,941,352,60,135
156,1992,1435,83,11,30
156,1993,1500,80,17,35
156,1994,1409,85,12,23
156,1880,1911,103,9,50
157,1775,1418,137,36,72
157,1833,956,358,82,172
157,1845,1681,82,14,21
157,1895,1541,123,28,53
157,1896,1515,95,27,45
157,1897,1573,91,21,45
157,1971,941,352,60,135
157,1992,1435,83,11,30
157,1993,1500,80,17,35
157,1994,1409,85,12,23
157,1880,1911,103,9,50
158,1775,1418,137,36,72
158,1833,956,358,82,172
158,1845,1681,82,14,21
158,1895,1541,123,28,53
158,1896,1515,95,27,45
158,1897,1573,91,21,45
158,1971,941,352,60,135
158,1992,1435,83,11,30
158,1993,1500,80,17,35
158,1994,1409,85,12,23
158,1880,1911,103,9,50
159,1775,1418,137,36,72
159,1833,956,358,82,172
159,1845,1681,82,14,21
159,1895,1541,123,28,53
159,1896,1515,95,27,45
159,1897,1573,91,21,45
159,1971,941,352,60,135
159,1992,1435,83,11,30
159,1993,1500,80,17,35
159,1994,1409,85,12,23
159,1880,1911,103,9,50
160,1775,1418,137,36,72
160,1833,956,358,82,172
160,1845,1681,82,14,21
160,1895,1541,123,28,53
160,1896,1515,95,27,45
160,1897,1573,91,21,45
160,1971,941,352,60,135
160,1992,1435,83,11,30
160,1993,1500,80,17,35
160,1994,1409,85,12,23
160,1880,1911,103,9,50
161,1775,1418,137,36,72
161,1833,956,358,82,172
161,1845,1681,82,14,21
161,1895,1541,123,28,53
161,1896,1515,95,27,45
161,1897,1573,91,21,45
161,1971,941,352,60,135
161,1992,1435,83,11,30
161,1993,1500,80,17,35
161,1994,1409,85,12,23
161,1880,1911,103,9,50
162,1775,1418,137,36,72
162,1833,956,358,82,172
162,1845,1681,82,14,21
162,1895,1541,123,28,53
162,1896,1515,95,27,45
162,1897,1573,91,21,45
162,1971,941,352,60,135
162,1992,1435,83,11,30
162,1993,1500,80,17,35
162,1994,1409,85,12,23
162,1880,1911,103,9,50
163,1775,1418,137,36,72
163,1833,956,358,82,172
163,1845,1681,82,14,21
163,1895,1541,123,28,53
163,1896,1515,95,27,45
163,1897,1573,91,21,45
163,1971,941,352,60,135
163,1992,1435,83,11,30
163,1993,1500,80,17,35
163,1994,1409,85,12,23
163,1880,1911,103,9,50
164,1775,1418,137,36,72
164,1833,956,358,82,172
164,1845,1681,82,14,21
164,1895,1541,123,28,53
164,1896,1515,95,27,45
164,1897,1573,91,21,45
164,1971,941,352,60,135
164,1992,1435,83,11,30
164,1993,1500,80,17,35
164,1994,1409,85,12,23
164,1880,1911,103,9,50
165,1775,1418,137,36,72
165,1833,956,358,82,172
165,1845,1681,82,14,21
165,1895,1541,123,28,53
165,1896,1515,95,27,45
165,1897,1573,91,21,45
165,1971,941,352,60,135
165,1992,1435,83,11,30
165,1993,1500,80,17,35
165,1994,1409,85,12,23
165,1880,1911,103,9,50
166,1775,1418,137,36,72
166,1833,956,358,82,172
166,1845,1681,82,14,21
166,1895,1541,123,28,53
166,1896,1515,95,27,45
166,1897,1573,91,21,45
166,1971,941,352,60,135
166,1992,1435,83,11,30
166,1993,1500,80,17,35
166,1994,1409,85,12,23
166,1880,1911,103,9,50
167,1775,1418,137,36,72
167,1833,956,358,82,172
167,1845,1681,82,14,21
167,1895,1541,123,28,53
167,1896,1515,95,27,45
167,1897,1573,91,21,45
167,1971,941,352,60,135
167,1992,1435,83,11,30
167,1993,1500,80,17,35
167,1994,1409,85,12,23
167,1880,1911,103,9,50
168,1775,1418,137,36,72
168,1833,956,358,82,172
168,1845,1681,82,14,21
168,1895,1541,123,28,53
168,1896,1515,95,27,45
168,1897,1573,91,21,45
168,1971,941,352,60,135
168,1992,1435,83,11,30
168,1993,1500,80,17,35
168,1994,1409,85,12,23
168,1880,1911,103,9,50
169,1775,1418,137,36,72
169,1833,956,358,82,172
169,1845,1681,82,14,21
169,1895,1541,123,28,53
169,1896,1515,95,27,45
169,1897,1573,91,21,45
169,1971,941,352,60,135
169,1992,1435,83,11,30
169,1993,1500,80,17,35
169,1994,1409,85,12,23
169,1880,1911,103,9,50
170,1775,1418,137,36,72
170,1833,956,358,82,172
170,1845,1681,82,14,21
170,1895,1541,123,28,53
170,1896,1515,95,27,45
170,1897,1573,91,21,45
170,1971,941,352,60,135
170,1992,1435,83,11,30
170,1993,1500,80,17,35
170,1994,1409,85,12,23
170,1880,1911,103,9,50
171,1775,1418,137,36,72
171,1833,956,358,82,172
171,1845,1681,82,14,21
171,1895,1541,123,28,53
171,1896,1515,95,27,45
171,1897,1573,91,21,45
171,1971,941,352,60,135
171,1992,1435,83,11,30
171,1993,1500,80,17,35
171,1994,1409,85,12,23
171,1880,1911,103,9,50
172,1775,1418,137,36,72
172,1833,956,358,82,172
172,1845,1681,82,14,21
172,1895,1541,123,28,53
172,1896,1515,95,27,45
172,1897,1573,91,21,45
172,1971,941,352,60,135
172,1992,1435,83,11,30
172,1993,1500,80,17,35
172,1994,1409,85,12,23
172,1880,1911,103,9,50
173,1775,1418,137,36,72
173,1833,956,358,82,172
173,1845,1681,82,14,21
173,1895,1541,123,28,53
173,1896,1515,95,27,45
173,1897,1573,91,21,45
173,1971,941,352,60,135
173,1992,1435,83,11,30
173,1993,1500,80,17,35
173,1994,1409,85,12,23
173,1880,1911,103,9,50
174,1775,1418,137,36,72
174,1833,956,358,82,172
174,1845,1681,82,14,21
174,1895,1541,123,28,53
174,1896,1515,95,27,45
174,1897,1573,91,21,45
174,1971,941,352,60,135
174,1992,1435,83,11,30
174,1993,1500,80,17,35
174,1994,1409,85,12,23
174,1880,1911,103,9,50
175,1775,1418,137,36,72
175,1833,956,358,82,172
175,1845,1681,82,14,21
175,1895,1541,123,28,53
175,1896,1515,95,27,45
175,1897,1573,91,21,45
175,1971,941,352,60,135
175,1992,1435,83,11,30
175,1993,1500,80,17,35
175,1994,1409,85,12,23
175,1880,1911,103,9,50
176,1775,1418,137,36,72
176,1833,956,358,82,172
176,1845,1681,82,14,21
176,1895,1541,123,28,53
176,1896,1515,95,27,45
176,1897,1573,91,21,45
176,1971,941,352,60,135
176,1992,1435,83,11,30
176,1993,1500,80,17,35
176,1994,1409,85,12,23
176,1880,1911,103,9,50
177,1775,1418,137,36,72
177,1833,956,358,82,172
177,1845,1681,82,14,21
177,1895,1541,123,28,53
177,1896,1515,95,27,45
177,1897,1573,91,21,45
177,1971,941,352,60,135
177,1992,1435,83,11,30
177,1993,1500,80,17,35
177,1994,1409,85,12,23
177,1880,1911,103,9,50
178,1775,1418,137,36,72
178,1833,956,358,82,172
178,1845,1681,82,14,21
178,1895,1541,123,28,53
178,1896,1515,95,27,45
178,1897,1573,91,21,45
178,1971,941,352,60,135
178,1992,1435,83,11,30
178,1993,1500,80,17,35
178,1994,1409,85,12,23
178,1880,1911,103,9,50
179,1775,1418,137,36,72
179,1833,956,358,82,172
179,1845,1681,82,14,21
179,1895,1541,123,28,53
179,1896,1515,95,27,45
179,1897,1573,91,21,45
179,1971,941,352,60,135
179,1992,1435,83,11,30
179,1993,1500,80,17,35
179,1994,1409,85,12,23
179,1880,1911,103,9,50
180,1775,1418,137,36,72
180,1833,956,358,82,172
180,1845,1681,82,14,21
180,1895,1541,123,28,53
180,1896,1515,95,27,45
180,1897,1573,91,21,45
180,1971,941,352,60,135
180,1992,1435,83,11,30
180,1993,1500,80,17,35
180,1994,1409,85,12,23
180,1880,1911,103,9,50
181,1775,1418,137,36,72
181,1833,956,358,82,172
181,1845,1681,82,14,21
181,1895,1541,123,28,53
181,1896,1515,95,27,45
181,1897,1573,91,21,45
181,1971,941,352,60,135
181,1992,1435,83,11,30
181,1993,1500,80,17,35
181,1994,1409,85,12,23
181,1880,1911,103,9,50
182,1775,1418,137,36,72
182,1833,956,358,82,172
182,1845,1681,82,14,21
182,1895,1541,123,28,53
182,1896,1515,95,27,45
182,1897,1573,91,21,45
182,1971,941,352,60,135
182,1992,1435,83,11,30
182,1993,1500,80,17,35
182,1994,1409,85,12,23
182,1880,1911,103,9,50
183,1775,1418,137,36,72
183,1833,956,358,82,172
183,1845,1681,82,14,21
183,1895,1541,123,28,53
183,1896,1515,95,27,45
183,1897,1573,91,21,45
183,1971,941,352,60,135
183,1992,1435,83,11,30
183,1993,1500,80,17,35
183,1994,1409,85,12,23
183,1880,1911,103,9,50
184,1775,1418,137,36,72
184,1833,956,358,82,172
184,1845,1681,82,14,21
184,1895,1541,123,28,53
184,1896,1515,95,27,45
184,1897,1573,91,21,45
184,1971,941,352,60,135
184,1992,1435,83,11,30
184,1993,1500,80,17,35
184,1994,1409,85,12,23
184,1880,1911,103,9,50
185,1775,1418,137,36,72
185,1833,956,358,82,172
185,1845,1681,82,14,21
185,1895,1541,123,28,53
185,1896,1515,95,27,45
185,1897,1573,91,21,45
185,1971,941,352,60,135
185,1992,1435,83,11,30
185,1993,1500,80,17,35
185,1994,1409,85,12,23
185,1880,1911,103,9,50
186,1775,1418,137,36,72
186,1833,956,358,82,172
186,1845,1681,82,14,21
186,1895,1541,123,28,53
186,1896,1515,95,27,45
186,1897,1573,91,21,45
186,1971,941,352,60,135
186,1992,1435,83,11,30
186,1993,1500,80,17,35
186,1994,1409,85,12,23
186,1880,1911,103,9,50
187,1775,1418,137,36,72
187,1833,956,358,82,172
187,1845,1681,82,14,21
187,1895,1541,123,28,53
187,1896,1515,95,27,45
187,1897,1573,91,21,45
187,1971,941,352,60,135
187,1992,1435,83,11,30
187,1993,1500,80,17,35
187,1994,1409,85,12,23
187,1880,1911,103,9,50
188,1775,1418,137,36,72
188,1833,956,358,82,172
188,1845,1681,82,14,21
188,1895,1541,123,28,53
188,1896,1515,95,27,45
188,1897,1573,91,21,45
188,1971,941,352,60,135
188,1992,1435,83,11,30
188,1993,1500,80,17,35
188,1994,1409,85,12,23
188,1880,1911,103,9,50
189,1775,1418,137,36,72
189,1833,956,358,82,172
189,1845,1681,82,14,21
189,1895,1541,123,28,53
189,1896,1515,95,27,45
189,1897,1573,91,21,45
189,1971,941,352,60,135
189,1992,1435,83,11,30
189,1993,1500,80,17,35
189,1994,1409,85,12,23
189,1880,1911,103,9,50
190,1775,1418,137,36,72
190,1833,956,358,82,172
190,1845,1681,82,14,21
190,1895,1541,123,28,53
190,1896,1515,95,27,45
190,1897,1573,91,21,45
190,1971,941,352,60,135
190,1992,1435,83,11,30
190,1993,1500,80,17,35
190,1994,1409,85,12,23
190,1880,1911,103,9,50
191,1775,1418,137,36,72
191,1833,956,358,82,172
191,1845,1681,82,14,21
191,1895,1541,123,28,53
191,1896,1515,95,27,45
191,1897,1573,91,21,45
191,1971,941,352,60,135
191,1992,1435,83,11,30
191,1993,1500,80,17,35
191,1994,1409,85,12,23
191,1880,1911,103,9,50
192,1775,1418,137,36,72
192,1833,956,358,82,172
192,1845,1681,82,14,21
192,1895,1541,123,28,53
192,1896,1515,95,27,45
192,1897,1573,91,21,45
192,1971,941,352,60,135
192,1992,1435,83,11,30
192,1993,1500,80,17,35
192,1994,1409,85,12,23
192,1880,1911,103,9,50
193,1775,1418,137,36,72
193,1833,956,358,82,172
193,1845,1681,82,14,21
193,1895,1541,123,28,53
193,1896,1515,95,27,45
193,1897,1573,91,21,45
193,1971,941,352,60,135
193,1992,1435,83,11,30
193,1993,1500,80,17,35
193,1994,1409,85,12,23
193,1880,1911,103,9,50
194,1775,1418,137,36,72
194,1833,956,358,82,172
194,1845,1681,82,14,21
194,1895,1541,123,28,53
194,1896,1515,95,27,45
194,1897,1573,91,21,45
194,1971,941,352,60,135
194,1992,1435,83,11,30
194,1993,1500,80,17,35
194,1994,1409,85,12,23
194,1880,1911,103,9,50
195,1775,1418,137,36,72
195,1833,956,358,82,172
195,1845,1681,82,14,21
195,1895,1541,123,28,53
195,1896,1515,95,27,45
195,1897,1573,91,21,45
195,1971,941,352,60,135
195,1992,1435,83,11,30
195,1993,1500,80,17,35
195,1994,1409,85,12,23
195,1880,1911,103,9,50
196,1775,1418,137,36,72
196,1833,956,358,82,172
196,1845,1681,82,14,21
196,1895,1541,123,28,53
196,1896,1515,95,27,45
196,1897,1573,91,21,45
196,1971,941,352,60,135
196,1992,1435,83,11,30
196,1993,1500,80,17,35
196,1994,1409,85,12,23
196,1880,1911,103,9,50
197,1775,1418,137,36,72
197,1833,956,358,82,172
197,1845,1681,82,14,21
197,1895,1541,123,28,53
197,1896,1515,95,27,45
197,1897,1573,91,21,45
197,1971,941,352,60,135
197,1992,1435,83,11,30
197,1993,1500,80,17,35
197,1994,1409,85,12,23
197,1880,1911,103,9,50
198,1775,1418,137,36,72
198,1833,956,358,82,172
198,1845,1681,82,14,21
198,1895,1541,123,28,53
198,1896,1515,95,27,45
198,1897,1573,91,21,45
198,1971,941,352,60,135
198,1992,1435,83,11,30
198,1993,1500,80,17,35
198,1994,1409,85,12,23
198,1880,1911,103,9,50
199,1775,1418,137,36,72
199,1833,956,358,82,172
199,1845,1681,82,14,21
199,1895,1541,123,28,53
199,1896,1515,95,27,45
199,1897,1573,91,21,45
199,1971,941,352,60,135
199,1992,1435,83,11,30
199,1993,1500,80,17,35
199,1994,1409,85,12,23
199,1880,1911,103,9,50
200,1775,1418,137,36,72
200,1833,956,358,82,172
200,1845,1681,82,14,21
200,1895,1541,123,28,53
200,1896,1515,95,27,45
200,1897,1573,91,21,45
200,1971,941,352,60,135
200,1992,1435,83,11,30
200,1993,1500,80,17,35
200,1994,1409,85,12,23
200,1880,1911,103,9,50
201,1775,1418,137,36,72
201,1833,956,358,82,172
201,1845,1681,82,14,21
201,1895,1541,123,28,53
201,1896,1515,95,27,45
201,1897,1573,91,21,45
201,1971,941,352,60,135
201,1992,1435,83,11,30
201,1993,1500,80,17,35
201,1994,1409,85,12,23
201,1880,1911,103,9,50
202,1775,1418,137,36,72
202,1833,956,358,82,172
202,1845,1681,82,14,21
202,1895,1541,123,28,53
202,1896,1515,95,27,45
202,1897,1573,91,21,45
202,1971,941,352,60,135
202,1992,1435,83,11,30
202,1993,1500,80,17,35
202,1994,1409,85,12,23
202,1880,1911,103,9,50
203,1775,1418,137,36,72
203,1833,956,358,82,172
203,1845,1681,82,14,21
203,1895,1541,123,28,53
203,1896,1515,95,27,45
203,1897,1573,91,21,45
203,1971,941,352,60,135
203,1992,1435,83,11,30
203,1993,1500,80,17,35
203,1994,1409,85,12,23
203,1880,1911,103,9,50
204,1775,1418,137,36,72
204,1833,956,358,82,172
204,1845,1681,82,14,21
204,1895,1541,123,28,53
204,1896,1515,95,27,45
204,1897,1573,91,21,45
204,1971,941,352,60,135
204,1992,1435,83,11,30
204,1993,1500,80,17,35
204,1994,1409,85,12,23
204,1880,1911,103,9,50
205,1775,1418,137,36,72
205,1833,956,358,82,172
205,1845,1681,82,14,21
205,1895,1541,123,28,53
205,1896,1515,95,27,45
205,1897,1573,91,21,45
205,1971,941,352,60,135
205,1992,1435,83,11,30
205,1993,1500,80,17,35
205,1994,1409,85,12,23
205,1880,1911,103,9,50
206,1775,1418,137,36,72
206,1833,956,358,82,172
206,1845,1681,82,14,21
206,1895,1541,123,28,53
206,1896,1515,95,27,45
206,1897,1573,91,21,45
206,1971,941,352,60,135
206,1992,1435,83,11,30
206,1993,1500,80,17,35
206,1994,1409,85,12,23
206,1880,1911,103,9,50
207,1775,1418,137,36,72
207,1833,956,358,82,172
207,1845,1681,82,14,21
207,1895,1541,123,28,53
207,1896,1515,95,27,45
207,1897,1573,91,21,45
207,1971,941,352,60,135
207,1992,1435,83,11,30
207,1993,1500,80,17,35
207,1994,1409,85,12,23
207,1880,1911,103,9,50
208,1775,1418,137,36,72
208,1833,956,358,82,172
208,1845,1681,82,14,21
208,1895,1541,123,28,53
208,1896,1515,95,27,45
208,1897,1573,91,21,45
208,1971,941,352,60,135
208,1992,1435,83,11,30
208,1993,1500,80,17,35
208,1994,1409,85,12,23
208,1880,1911,103,9,50
209,1775,1418,137,36,72
209,1833,956,358,82,172
209,1845,1681,82,14,21
209,1895,1541,123,28,53
209,1896,1515,95,27,45
209,1897,1573,91,21,45
209,1971,941,352,60,135
209,1992,1435,83,11,30
209,1993,1500,80,17,35
209,1994,1409,85,12,23
209,1880,1911,103,9,50
210,1775,1418,137,36,72
210,1833,956,358,82,172
210,1845,1681,82,14,21
210,1895,1541,123,28,53
210,1896,1515,95,27,45
210,1897,1573,91,21,45
210,1971,941,352,60,135
210,1992,1435,83,11,30
210,1993,1500,80,17,35
210,1994,1409,85,12,23
210,1880,1911,103,9,50
211,1775,1418,137,36,72
211,1833,956,358,82,172
211,1845,1681,82,14,21
211,1895,1541,123,28,53
211,1896,1515,95,27,45
211,1897,1573,91,21,45
211,1971,941,352,60,135
211,1992,1435,83,11,30
211,1993,1500,80,17,35
211,1994,1409,85,12,23
211,1880,1911,103,9,50
212,1775,1418,137,36,72
212,1833,956,358,82,172
212,1845,1681,82,14,21
212,1895,1541,123,28,53
212,1896,1515,95,27,45
212,1897,1573,91,21,45
212,1971,941,352,60,135
212,1992,1435,83,11,30
212,1993,1500,80,17,35
212,1994,1409,85,12,23
212,1880,1911,103,9,50
213,1775,1418,137,36,72
213,1833,956,358,82,172
213,1845,1681,82,14,21
213,1895,1541,123,28,53
213,1896,1515,95,27,45
213,1897,1573,91,21,45
213,1971,941,352,60,135
213,1992,1435,83,11,30
213,1993,1500,80,17,35
213,1994,1409,85,12,23
213,1880,1911,103,9,50
214,1775,1418,137,36,72
214,1833,956,358,82,172
214,1845,1681,82,14,21
214,1895,1541,123,28,53
214,1896,1515,95,27,45
214,1897,1573,91,21,45
214,1971,941,352,60,135
214,1992,1435,83,11,30
214,1993,1500,80,17,35
214,1994,1409,85,12,23
214,1880,1911,103,9,50
215,1775,1418,137,36,72
215,1833,956,358,82,172
215,1845,1681,82,14,21
215,1895,1541,123,28,53
215,1896,1515,95,27,45
215,1897,1573,91,21,45
215,1971,941,352,60,135
215,1992,1435,83,11,30
215,1993,1500,80,17,35
215,1994,1409,85,12,23
215,1880,1911,103,9,50
216,1775,1418,137,36,72
216,1833,956,358,82,172
216,1845,1681,82,14,21
216,1895,1541,123,28,53
216,1896,1515,95,27,45
216,1897,1573,91,21,45
216,1971,941,352,60,135
216,1992,1435,83,11,30
216,1993,1500,80,17,35
216,1994,1409,85,12,23
216,1880,1911,103,9,50
217,1775,1418,137,36,72
217,1833,956,358,82,172
217,1845,1681,82,14,21
217,1895,1541,123,28,53
217,1896,1515,95,27,45
217,1897,1573,91,21,45
217,1971,941,352,60,135
217,1992,1435,83,11,30
217,1993,1500,80,17,35
217,1994,1409,85,12,23
217,1880,1911,103,9,50
218,1775,1418,137,36,72
218,1833,956,358,82,172
218,1845,1681,82,14,21
218,1895,1541,123,28,53
218,1896,1515,95,27,45
218,1897,1573,91,21,45
218,1971,941,352,60,135
218,1992,1435,83,11,30
218,1993,1500,80,17,35
218,1994,1409,85,12,23
218,1880,1911,103,9,50
219,1775,1418,137,36,72
219,1833,956,358,82,172
219,1845,1681,82,14,21
219,1895,1541,123,28,53
219,1896,1515,95,27,45
219,1897,1573,91,21,45
219,1971,941,352,60,135
219,1992,1435,83,11,30
219,1993,1500,80,17,35
219,1994,1409,85,12,23
219,1880,1911,103,9,50
220,1775,1418,137,36,72
220,1833,956,358,82,172
220,1845,1681,82,14,21
220,1895,1541,123,28,53
220,1896,1515,95,27,45
220,1897,1573,91,21,45
220,1971,941,352,60,135
220,1992,1435,83,11,30
220,1993,1500,80,17,35
220,1994,1409,85,12,23
220,1880,1911,103,9,50
220,1950,1908,105,12,46
221,1775,1418,137,36,72
221,1833,956,358,82,172
221,1845,1681,82,14,21
221,1895,1541,123,28,53
221,1896,1515,95,27,45
221,1897,1573,91,21,45
221,1971,941,352,60,135
221,1992,1435,83,11,30
221,1993,1500,80,17,35
221,1994,1409,85,12,23
221,1880,1911,103,9,50
221,1950,1908,105,12,46
222,1775,1418,137,36,72
222,1833,956,358,82,172
222,1845,1681,82,14,21
222,1895,1541,123,28,53
222,1896,1515,95,27,45
222,1897,1573,91,21,45
222,1971,941,352,60,135
222,1992,1435,83,11,30
222,1993,1500,80,17,35
