31,1733,77,93,73,115
31,1842,1410,322,93,234
31,1862,1546,339,13,17
31,1984,359,235,81,93
32,1733,76,93,73,115
32,1842,1411,317,96,243
32,1862,1546,340,13,17
32,1984,359,235,81,93
33,1733,75,93,73,115
33,1842,1413,317,96,243
33,1984,357,233,82,94
34,1733,75,93,73,115
34,1842,1416,314,97,247
34,1984,357,233,82,94
35,1733,75,94,73,115
35,1842,1418,310,101,257
35,1984,355,232,84,96
36,1733,75,94,73,115
36,1842,1421,314,97,247
36,1984,354,232,84,96
37,1733,75,94,73,115
37,1842,1422,314,97,247
37,1984,352,229,87,100
38,1733,76,94,73,115
38,1842,1426,317,96,243
38,1984,353,229,85,98
39,1733,76,93,73,115
39,1842,1428,321,92,233
39,1984,352,230,85,98
40,1733,76,93,73,115
40,1842,1427,315,95,242
40,1984,351,229,85,98
41,1733,76,93,73,115
41,1842,1433,318,94,238
41,1984,348,228,89,102
42,1733,76,92,73,115
42,1842,1440,312,95,242
42,1984,348,227,89,102
43,1733,76,92,73,115
43,1842,1446,315,94,238
43,1984,348,228,87,100
44,1733,77,92,73,115
44,1842,1447,308,97,247
44,1984,346,227,87,100
45,1733,77,92,73,115
45,1842,1457,309,95,242
45,1984,346,229,85,98
46,1733,76,91,74,117
46,1842,1461,309,94,238
46,1984,345,229,85,98
47,1733,76,92,73,115
47,1842,1467,310,92,233
47,1984,344,229,85,98
48,1733,76,92,73,115
48,1842,1471,307,92,233
48,1984,342,229,85,98
49,1733,77,92,73,115
49,1842,1474,306,92,233
49,1984,338,227,91,104
50,1733,77,92,73,115
50,1842,1478,307,90,228
50,1984,339,229,87,100
51,1733,77,92,73,115
51,1842,1480,307,90,228
51,1984,334,226,89,102
52,1733,77,93,73,115
52,1842,1482,307,90,228
52,1984,332,226,89,102
53,1733,76,93,73,115
53,1842,1485,310,88,224
53,1984,331,227,89,102
54,1733,76,94,73,115
54,1842,1486,307,90,228
54,1984,330,227,87,100
55,1733,77,96,71,112
55,1842,1489,308,90,228
55,1984,326,225,89,102
56,1733,77,96,71,112
56,1842,1498,311,88,224
56,1984,324,222,93,106
57,1733,76,95,73,115
57,1842,1502,308,90,228
57,1984,323,223,93,106
58,1733,75,94,74,117
58,1842,1507,308,92,233
58,1984,322,223,93,106
59,1733,74,93,75,119
59,1842,1512,307,94,238
59,1984,321,222,93,106
60,1733,76,96,72,114
60,1842,1518,305,94,238
60,1984,321,223,91,104
61,1733,75,96,72,114
61,1842,1519,306,94,238
61,1984,319,222,91,104
62,1733,73,93,75,119
62,1842,1521,303,95,242
62,1984,318,222,91,104
63,1733,73,94,75,119
63,1842,1522,298,95,242
63,1984,317,222,91,104
64,1733,73,93,75,119
64,1842,1525,297,95,242
64,1984,317,221,91,104
65,1733,73,94,75,119
65,1842,1526,298,95,242
65,1984,316,221,91,104
66,1733,72,94,75,119
66,1842,1528,297,95,242
66,1984,315,221,91,104
67,1733,72,94,75,119
67,1842,1529,297,95,242
67,1984,314,221,91,104
68,1733,72,93,75,119
68,1842,1531,297,95,242
68,1984,313,221,91,104
69,1733,72,93,75,119
69,1842,1532,297,95,242
69,1984,314,222,89,102
70,1733,72,92,75,119
70,1842,1534,298,95,242
70,1984,313,222,89,102
71,1733,72,93,75,119
71,1842,1535,298,95,242
71,1984,314,223,87,100
72,1733,72,94,75,119
72,1842,1537,296,97,247
72,1984,314,224,85,98
73,1733,73,97,72,114
73,1842,1538,295,97,247
73,1984,313,224,85,98
74,1733,74,99,71,112
74,1842,1542,296,97,247
74,1984,313,223,85,98
75,1733,76,100,71,112
75,1842,1543,295,95,242
75,1984,313,224,84,96
76,1733,77,104,71,112
76,1842,1546,295,94,238
76,1984,311,222,85,98
77,1733,78,106,70,110
77,1842,1547,292,94,238
77,1984,309,221,87,100
78,1733,79,109,68,108
78,1842,1549,289,95,242
78,1984,309,220,87,100
79,1733,80,110,68,108
79,1842,1548,286,95,242
79,1984,308,219,89,102
80,1733,80,112,70,110
80,1842,1551,290,94,238
80,1984,307,217,91,104
81,1733,81,114,68,108
81,1842,1550,288,94,238
81,1984,305,216,93,106
82,1733,81,115,71,112
82,1842,1550,286,95,242
82,1984,306,217,91,104
83,1733,81,117,72,114
83,1842,1550,284,95,242
83,1984,305,215,93,106
84,1733,83,119,72,114
84,1842,1552,285,95,242
84,1984,304,215,93,106
85,1733,84,122,72,114
85,1842,1553,284,95,242
85,1984,303,216,93,106
86,1733,83,122,74,117
86,1842,1554,284,95,242
86,1984,302,215,93,106
87,1733,83,122,75,119
87,1842,1556,287,94,238
87,1984,301,215,93,106
88,1733,83,123,75,119
88,1842,1557,286,94,238
88,1984,299,215,94,108
89,1733,84,123,77,122
89,1842,1558,287,92,233
89,1984,299,215,94,108
90,1733,84,124,77,122
90,1842,1561,288,90,228
90,1984,298,215,94,108
91,1733,85,125,77,122
91,1842,1560,285,90,228
91,1984,296,215,94,108
92,1733,85,126,77,122
92,1842,1564,286,90,228
92,1984,295,215,94,108
93,1733,86,128,75,119
93,1842,1563,283,90,228
93,1984,294,215,94,108
94,1733,87,131,74,117
94,1842,1564,281,90,228
94,1984,292,215,94,108
95,1733,88,134,72,114
95,1842,1564,277,92,233
95,1984,290,215,94,108
96,1733,89,136,71,112
96,1842,1565,276,92,233
96,1984,290,215,93,106
97,1733,90,138,71,112
97,1842,1566,275,92,233
97,1984,288,215,93,106
98,1733,92,140,71,112
98,1842,1567,276,90,228
98,1984,286,214,93,106
99,1733,92,143,71,112
99,1842,1569,275,90,228
99,1984,285,214,93,106
100,1733,92,145,71,112
100,1842,1570,275,90,228
100,1984,284,213,93,106
101,1733,91,147,72,114
101,1842,1570,275,90,228
101,1984,282,211,94,108
102,1733,92,149,71,112
102,1842,1570,275,90,228
102,1984,282,212,93,106
103,1733,92,150,72,114
103,1842,1571,274,90,228
103,1984,279,211,94,108
104,1733,93,149,72,114
104,1842,1573,276,88,224
104,1984,279,211,94,108
105,1733,94,150,72,114
105,1842,1573,274,88,224
105,1984,278,210,94,108
106,1733,94,150,72,114
106,1842,1574,274,86,220
106,1984,279,211,93,106
107,1733,95,152,71,112
107,1842,1574,272,88,224
107,1984,276,210,94,108
108,1733,96,153,71,112
108,1842,1574,269,88,224
108,1984,277,211,93,106
109,1733,97,155,71,112
109,1842,1575,268,88,224
109,1984,275,211,93,106
110,1733,98,157,71,112
110,1842,1575,264,90,228
110,1984,276,212,91,104
111,1733,100,160,70,110
111,1842,1576,263,90,228
111,1984,275,212,91,104
112,1733,101,162,68,108
112,1842,1577,262,90,228
112,1984,275,212,91,104
113,1733,101,165,70,110
113,1842,1578,262,90,228
113,1984,276,213,89,102
114,1733,104,166,68,108
114,1842,1579,261,90,228
114,1984,274,212,89,102
115,1733,105,169,68,108
115,1842,1580,263,88,224
115,1984,275,213,87,100
116,1733,106,171,68,108
116,1842,1581,262,88,224
116,1984,273,213,87,100
117,1733,106,171,70,110
117,1842,1582,263,88,224
117,1984,273,213,87,100
118,1733,107,171,70,110
118,1842,1583,265,86,220
118,1984,272,212,87,100
119,1733,107,171,70,110
119,1842,1586,267,86,220
119,1984,272,212,87,100
120,1733,108,173,68,108
120,1842,1585,268,86,220
120,1984,271,212,87,100
121,1733,109,174,68,108
121,1842,1587,271,85,215
121,1984,271,211,87,100
122,1733,109,175,68,108
122,1842,1587,275,83,211
122,1984,269,210,89,102
123,1733,110,176,68,108
123,1842,1588,277,83,211
123,1984,268,209,91,104
124,1733,111,177,68,108
124,1842,1589,282,81,207
124,1984,267,207,93,106
125,1733,112,179,68,108
125,1842,1589,283,81,207
125,1984,265,206,94,108
126,1733,113,181,67,106
126,1842,1590,287,80,203
126,1984,266,207,93,106
127,1733,114,184,66,104
127,1842,1589,289,80,203
127,1984,265,207,93,106
128,1733,113,186,67,106
128,1842,1590,294,78,199
128,1984,263,206,94,108
129,1733,116,189,66,104
129,1842,1590,296,78,199
129,1984,261,205,96,111
130,1733,116,191,67,106
130,1842,1591,299,78,199
130,1984,261,205,96,111
131,1733,117,193,67,106
131,1842,1591,303,78,199
131,1984,261,206,94,108
132,1733,117,195,67,106
132,1842,1591,308,77,195
132,1984,260,207,94,108
133,1733,117,196,68,108
133,1842,1593,314,75,191
133,1984,259,207,94,108
134,1733,117,197,70,110
134,1842,1594,317,75,191
134,1984,258,207,94,108
135,1733,117,196,71,112
135,1842,1593,319,75,191
135,1984,256,206,96,111
136,1733,118,198,71,112
136,1842,1593,320,75,191
136,1984,256,207,94,108
137,1733,117,197,72,114
137,1842,1594,322,74,187
137,1984,253,206,96,111
138,1733,117,196,72,114
138,1842,1595,323,74,187
138,1984,253,207,94,108
139,1733,116,194,74,117
139,1842,1596,322,74,187
139,1984,251,207,94,108
140,1733,116,193,74,117
140,1842,1597,323,74,187
140,1984,249,206,94,108
141,1733,116,193,74,117
141,1842,1598,322,74,187
141,1984,248,207,93,106
142,1733,117,194,72,114
142,1842,1598,324,74,187
142,1984,246,206,93,106
143,1733,118,195,72,114
143,1842,1599,326,74,187
143,1984,246,206,93,106
144,1733,118,195,72,114
144,1842,1599,329,72,184
144,1984,244,205,93,106
145,1733,118,194,74,117
145,1842,1599,332,72,184
145,1984,243,205,93,106
146,1733,118,193,75,119
146,1842,1600,333,72,184
146,1984,242,205,93,106
147,1733,119,193,75,119
147,1842,1600,338,71,180
147,1984,241,203,94,108
148,1733,118,192,77,122
148,1842,1602,343,71,180
148,1984,241,202,94,108
149,1733,119,192,77,122
149,1842,1602,347,71,180
149,1984,240,203,94,108
150,1733,119,191,79,124
150,1842,1603,349,71,180
150,1984,239,202,94,108
151,1733,119,190,80,126
151,1842,1603,349,71,180
151,1984,239,202,94,108
152,1733,119,189,82,129
152,1842,1602,349,71,180
152,1984,238,202,94,108
153,1733,120,189,82,129
153,1842,1602,348,71,180
153,1984,239,203,93,106
154,1733,120,190,82,129
154,1842,1602,348,71,180
154,1984,237,203,93,106
155,1733,120,189,83,132
155,1842,1603,349,71,180
155,1984,237,204,93,106
156,1733,121,189,83,132
156,1842,1603,352,69,177
156,1984,238,205,91,104
157,1733,120,189,83,132
157,1842,1605,354,68,173
157,1984,238,205,91,104
158,1733,121,189,83,132
158,1842,1606,358,67,170
158,1984,237,204,91,104
159,1733,121,189,83,132
159,1842,1606,360,65,166
159,1984,237,204,91,104
160,1733,123,190,82,129
160,1842,1607,363,65,166
160,1984,237,204,91,104
161,1733,122,190,82,129
161,1842,1607,364,65,166
161,1984,236,203,93,106
162,1733,123,191,82,129
162,1842,1606,366,65,166
162,1984,236,203,93,106
163,1733,124,193,80,126
163,1842,1606,370,64,163
163,1984,235,203,93,106
164,1733,125,194,79,124
164,1842,1607,372,63,160
164,1984,235,202,93,106
165,1733,125,195,79,124
165,1842,1608,373,63,160
165,1984,234,201,94,108
166,1733,127,196,77,122
166,1842,1608,373,63,160
166,1984,233,199,96,111
167,1733,127,196,77,122
167,1842,1609,373,63,160
167,1984,233,199,96,111
168,1733,127,196,77,122
168,1842,1609,372,63,160
168,1984,232,197,98,113
169,1733,127,196,77,122
169,1842,1609,373,63,160
169,1984,231,196,100,115
170,1733,126,196,77,122
170,1842,1609,373,63,160
170,1984,231,196,98,113
171,1733,126,196,77,122
171,1842,1609,375,62,157
171,1984,229,195,100,115
172,1733,126,197,77,122
172,1842,1609,374,62,157
172,1984,228,194,100,115
173,1733,126,196,77,122
173,1842,1609,373,63,160
173,1984,227,194,100,115
174,1733,127,197,77,122
174,1842,1608,372,65,166
174,1984,228,196,98,113
175,1733,126,196,77,122
175,1842,1608,372,67,170
175,1984,227,195,100,115
176,1733,127,196,77,122
176,1842,1608,376,65,166
176,1984,226,195,100,115
177,1733,127,196,77,122
177,1842,1609,381,63,160
177,1984,225,195,100,115
178,1733,127,196,77,122
178,1842,1611,380,63,160
178,1984,226,195,98,113
179,1733,127,196,77,122
179,1842,1613,381,63,160
179,1984,224,196,98,113
180,1733,127,196,77,122
180,1842,1615,386,60,154
180,1984,223,196,96,111
181,1733,128,196,77,122
181,1842,1614,383,62,157
181,1984,223,197,94,108
182,1733,129,196,77,122
182,1842,1615,381,63,160
182,1984,222,196,94,108
183,1733,129,196,77,122
183,1842,1615,381,63,160
183,1984,220,196,94,108
184,1733,129,198,75,119
184,1842,1615,378,64,163
184,1984,220,197,93,106
185,1733,130,198,75,119
185,1842,1614,374,67,170
185,1984,219,196,93,106
186,1733,131,199,74,117
186,1842,1614,372,68,173
186,1984,218,195,93,106
187,1733,131,199,74,117
187,1842,1615,372,68,173
187,1984,217,196,91,104
188,1733,132,200,72,114
188,1842,1615,372,68,173
188,1984,215,195,91,104
189,1733,133,199,72,114
189,1842,1616,372,68,173
189,1984,213,194,93,106
190,1733,133,199,72,114
190,1842,1616,370,69,177
190,1984,212,193,94,108
191,1733,135,200,71,112
191,1842,1616,370,69,177
191,1984,212,192,94,108
192,1733,136,201,71,112
192,1842,1617,370,69,177
192,1984,212,193,94,108
193,1733,136,200,72,114
193,1842,1617,370,69,177
193,1984,211,193,94,108
194,1733,136,199,72,114
194,1842,1618,368,71,180
194,1984,210,192,96,111
195,1733,138,200,71,112
195,1842,1619,368,71,180
195,1984,211,192,94,108
196,1733,137,200,72,114
196,1842,1619,368,71,180
196,1984,210,192,94,108
197,1733,138,199,72,114
197,1842,1619,365,72,184
197,1984,209,192,94,108
198,1733,138,199,72,114
198,1842,1619,365,72,184
198,1984,209,194,93,106
199,1733,139,199,72,114
199,1842,1619,365,72,184
199,1984,208,194,93,106
200,1733,140,200,71,112
200,1842,1618,362,74,187
200,1984,208,194,93,106
201,1733,141,201,71,112
201,1842,1618,360,75,191
201,1984,207,193,94,108
202,1733,141,201,71,112
202,1842,1620,360,75,191
202,1984,209,194,93,106
203,1733,142,201,71,112
203,1842,1621,357,77,195
203,1984,207,193,94,108
204,1733,142,201,71,112
204,1842,1622,353,80,203
204,1984,208,194,93,106
205,1733,143,202,71,112
205,1842,1622,349,81,207
205,1984,207,194,93,106
206,1733,143,201,71,112
206,1842,1622,349,81,207
206,1984,207,193,93,106
207,1733,143,202,71,112
207,1842,1623,350,81,207
207,1984,205,192,94,108
208,1733,144,203,70,110
208,1842,1624,351,81,207
208,1984,206,192,93,106
209,1733,142,201,72,114
209,1842,1624,351,81,207
209,1984,202,190,96,111
210,1733,144,206,70,110
210,1842,1625,350,81,207
210,1984,202,188,98,113
211,1733,145,205,70,110
211,1842,1624,347,83,211
211,1984,201,187,100,115
212,1733,145,205,70,110
212,1842,1626,348,83,211
212,1984,202,188,98,113
213,1733,144,204,71,112
213,1842,1626,347,83,211
213,1984,199,187,100,115
214,1733,143,204,72,114
214,1842,1626,345,85,215
214,1984,199,186,100,115
215,1733,142,203,74,117
215,1842,1627,345,85,215
215,1984,198,186,100,115
216,1733,142,204,74,117
216,1842,1626,339,88,224
216,1984,197,185,100,115
217,1733,142,204,74,117
217,1842,1626,340,88,224
217,1984,197,186,100,115
218,1733,142,204,74,117
218,1842,1627,339,88,224
218,1984,197,187,98,113
219,1733,142,204,74,117
219,1842,1627,335,90,228
219,1984,196,188,98,113
220,1733,141,203,75,119
220,1842,1627,333,92,233
220,1984,196,188,98,113
221,1733,142,204,74,117
221,1842,1627,333,92,233
221,1984,193,187,100,115
222,1733,142,203,74,117
222,1842,1626,334,92,233
222,1984,194,185,100,115
223,1733,143,203,74,117
223,1842,1627,336,90,228
223,1984,192,187,98,113
223,2006,1552,321,58,90
224,1733,142,202,75,119
224,1842,1626,333,92,233
224,1984,192,189,94,108
224,2006,1554,321,58,90
225,1733,144,202,75,119
225,1842,1628,336,90,228
225,1984,191,190,93,106
225,2006,1554,321,59,91
226,1733,144,203,75,119
226,1842,1627,332,92,233
226,1984,190,189,93,106
226,2006,1556,322,58,90
227,1733,144,202,77,122
227,1842,1627,330,94,238
227,1984,189,190,91,104
227,2006,1558,323,56,88
228,1733,144,202,79,124
228,1842,1629,333,92,233
228,1984,187,190,91,104
228,2006,1559,324,58,90
229,1733,145,203,79,124
229,1842,1628,329,94,238
229,1984,186,189,89,102
229,2006,1560,322,60,93
230,1733,147,204,77,122
230,1842,1630,330,94,238
230,1984,184,189,87,100
230,2006,1559,320,62,97
231,1733,149,204,77,122
231,1842,1627,323,97,247
231,1984,183,190,85,98
231,2006,1559,319,64,99
232,1733,151,206,75,119
232,1842,1632,331,94,238
232,1984,183,189,87,100
232,2006,1559,319,65,101
233,1733,153,206,74,117
233,1842,1628,323,97,247
233,1984,182,189,87,100
233,2006,1560,318,66,103
234,1733,153,205,74,117
234,1842,1628,320,99,252
234,1984,182,189,87,100
234,2006,1564,320,66,103
235,1733,156,206,72,114
235,1842,1630,321,99,252
235,1984,182,188,87,100
235,2006,1566,321,65,101
236,1733,157,206,72,114
236,1842,1629,317,101,257
236,1984,180,188,89,102
236,2006,1568,321,66,103
237,1733,160,207,71,112
237,1842,1629,317,101,257
237,1984,180,188,89,102
237,2006,1570,323,65,101
238,1733,160,206,72,114
238,1842,1630,317,101,257
238,1984,180,188,89,102
238,2006,1574,326,61,95
239,1733,162,205,72,114
239,1842,1632,320,99,252
239,1984,179,187,91,104
239,2006,1573,323,64,99
240,1733,162,204,72,114
240,1842,1631,313,103,263
240,1984,179,188,93,106
240,2006,1574,322,66,103
241,1733,164,204,74,117
241,1842,1634,318,101,257
241,1984,179,187,94,108
241,2006,1574,321,69,107
242,1733,165,203,74,117
242,1842,1632,313,103,263
242,1984,179,188,94,108
242,2006,1576,323,69,107
243,1733,166,203,74,117
243,1842,1635,318,101,257
243,1984,178,187,96,111
243,2006,1579,326,66,103
244,1733,167,203,74,117
244,1842,1634,314,103,263
244,1984,178,188,96,111
244,2006,1579,326,66,103
245,1733,167,204,72,114
245,1842,1635,311,105,268
245,1984,177,187,98,113
245,2006,1581,327,65,101
246,1733,167,203,74,117
246,1842,1636,311,105,268
246,1984,177,187,98,113
246,2006,1582,327,65,101
247,1733,168,203,74,117
247,1842,1635,307,108,273
247,1984,178,187,98,113
247,2006,1584,328,65,101
248,1733,168,204,74,117
248,1842,1635,307,108,273
248,1984,178,187,98,113
248,2006,1585,327,66,103
249,1733,167,203,74,117
249,1842,1634,303,110,279
249,1984,178,188,98,113
249,2006,1586,327,66,103
250,1733,167,202,75,119
250,1842,1633,299,112,284
250,1984,178,188,98,113
250,2006,1587,328,66,103
251,1733,168,203,75,119
251,1842,1633,299,112,284
251,1984,178,188,98,113
251,2006,1589,329,65,101
252,1733,168,204,74,117
252,1842,1635,296,114,290
252,1984,178,188,98,113
252,2006,1589,328,66,103
253,1733,168,202,74,117
253,1842,1634,296,114,290
253,1984,178,188,98,113
253,2006,1590,328,66,103
254,1733,166,201,75,119
254,1842,1635,296,114,290
254,1984,178,188,98,113
254,2006,1590,327,67,105
255,1733,168,201,75,119
255,1842,1636,297,114,290
255,1984,178,187,98,113
255,2006,1593,329,66,103
256,1733,167,202,75,119
256,1842,1636,296,114,290
256,1984,179,188,98,113
256,2006,1593,329,66,103
257,1733,167,201,75,119
257,1842,1636,297,114,290
257,1984,178,189,98,113
257,2006,1594,329,67,105
258,1733,167,201,75,119
258,1842,1637,296,114,290
258,1984,179,188,98,113
258,2006,1596,330,66,103
259,1733,166,201,75,119
259,1842,1637,296,114,290
259,1984,179,189,98,113
259,2006,1597,330,66,103
260,1733,166,201,75,119
260,1842,1636,292,117,296
260,1984,179,189,98,113
260,2006,1599,332,65,101
261,1733,166,201,75,119
261,1842,1638,296,114,290
261,1984,179,189,98,113
261,2006,1599,333,65,101
262,1733,166,201,75,119
262,1842,1637,291,117,296
262,1984,179,190,98,113
262,2006,1600,333,65,101
263,1733,166,202,74,117
263,1842,1638,292,117,296
263,1984,179,189,98,113
263,2006,1601,334,65,101
264,1733,165,202,74,117
264,1842,1637,288,119,302
264,1984,178,189,98,113
264,2006,1602,334,65,101
265,1733,165,202,74,117
265,1842,1637,284,121,308
265,1984,177,188,100,115
265,2006,1602,334,65,101
266,1733,164,201,75,119
266,1842,1638,284,121,308
266,1984,178,188,98,113
266,2006,1602,334,65,101
267,1733,163,201,75,119
267,1842,1636,280,124,314
267,1984,177,187,100,115
267,2006,1603,333,66,103
268,1733,164,202,74,117
268,1842,1637,279,124,314
268,1984,176,187,100,115
268,2006,1602,332,67,105
269,1733,163,202,74,117
269,1842,1636,275,126,320
269,1984,177,186,100,115
269,2006,1603,332,67,105
270,1733,163,203,72,114
270,1842,1637,276,126,320
270,1984,177,186,100,115
270,2006,1604,332,67,105
271,1733,162,202,72,114
271,1842,1637,276,126,320
271,1984,175,185,102,117
271,2006,1605,334,66,103
272,1733,160,201,72,114
272,1842,1637,275,126,320
272,1984,176,187,100,115
272,2006,1605,334,66,103
273,1733,159,201,72,114
273,1842,1637,275,126,320
273,1984,175,187,100,115
273,2006,1606,334,66,103
274,1733,159,200,72,114
274,1842,1637,275,126,320
274,1984,175,187,100,115
274,2006,1606,335,66,103
275,1733,157,199,74,117
275,1842,1638,275,126,320
275,1984,174,186,102,117
275,2006,1606,335,67,105
276,1733,158,199,72,114
276,1842,1638,275,126,320
276,1984,174,186,102,117
276,2006,1606,334,67,105
277,1733,156,200,72,114
277,1842,1639,275,126,320
277,1984,173,184,104,120
277,2006,1606,335,67,105
278,1733,156,199,72,114
278,1842,1640,275,126,320
278,1984,174,184,104,120
278,2006,1607,336,66,103
279,1733,155,198,72,114
279,1842,1640,274,126,320
279,1984,174,185,104,120
279,2006,1607,335,66,103
280,1733,155,199,72,114
280,1842,1641,274,126,320
280,1984,173,184,104,120
280,2006,1607,336,66,103
281,1733,154,199,72,114
281,1842,1641,271,129,327
281,1984,173,183,104,120
281,2006,1607,336,66,103
282,1733,154,199,72,114
282,1842,1642,272,129,327
282,1984,173,183,102,117
282,2006,1609,337,65,101
283,1733,154,199,72,114
283,1842,1643,272,129,327
283,1984,173,182,102,117
283,2006,1609,338,65,101
284,1733,154,199,72,114
284,1842,1641,263,134,340
284,1984,171,182,102,117
284,2006,1609,338,65,101
285,1733,153,199,72,114
285,1842,1644,268,131,333
285,1984,171,182,102,117
285,2006,1609,338,65,101
286,1733,153,199,72,114
286,1842,1641,262,134,340
286,1984,172,182,102,117
286,2006,1609,337,65,101
287,1733,154,200,71,112
287,1842,1643,267,131,333
287,1984,170,181,104,120
287,2006,1609,338,65,101
288,1733,154,200,71,112
288,1842,1641,262,134,340
288,1984,170,181,104,120
288,2006,1609,338,65,101
289,1733,152,198,74,117
289,1842,1643,264,134,340
289,1984,170,182,104,120
289,2006,1609,339,64,99
290,1733,152,197,74,117
290,1842,1643,263,134,340
290,1984,171,181,104,120
290,2006,1609,339,64,99
291,1733,152,197,74,117
291,1842,1644,268,131,333
291,1984,171,181,104,120
291,2006,1608,339,65,101
292,1733,150,196,75,119
292,1842,1643,263,134,340
292,1984,171,181,104,120
292,2006,1608,338,65,101
293,1733,150,194,77,122
293,1842,1643,264,134,340
293,1984,171,180,104,120
293,2006,1608,339,65,101
294,1733,150,196,75,119
294,1842,1643,263,134,340
294,1984,171,181,102,117
294,2006,1608,339,65,101
295,1733,150,195,75,119
295,1842,1643,263,134,340
295,1984,172,179,102,117
295,2006,1608,339,65,101
296,1733,149,193,77,122
296,1842,1643,263,134,340
296,1984,171,180,102,117
296,2006,1608,339,65,101
297,1733,148,191,77,122
297,1842,1643,263,134,340
297,1984,171,179,102,117
297,2006,1608,339,65,101
298,1733,147,190,77,122
298,1842,1643,258,137,347
298,1984,171,178,102,117
298,2006,1608,339,65,101
299,1733,146,188,77,122
299,1842,1644,263,134,340
299,1984,171,180,102,117
299,2006,1607,339,65,101
300,1733,146,187,77,122
300,1842,1643,257,137,347
300,1984,172,179,102,117
300,2006,1608,339,65,101
301,1733,145,185,77,122
301,1842,1644,258,137,347
301,1984,172,180,102,117
301,2006,1608,339,65,101
302,1733,144,185,75,119
302,1842,1643,258,137,347
302,1984,173,182,100,115
302,2006,1608,340,65,101
303,1733,143,185,75,119
303,1842,1643,258,137,347
303,1984,172,182,102,117
303,2006,1607,339,66,103
304,1733,141,181,74,117
304,1842,1644,257,137,347
304,1984,174,182,100,115
304,2006,1608,339,65,101
305,1733,138,179,75,119
305,1842,1643,258,137,347
305,1984,174,183,100,115
305,2006,1608,340,65,101
306,1733,136,176,77,122
306,1842,1643,259,137,347
306,1984,174,183,100,115
306,2006,1607,339,66,103
307,1733,135,176,77,122
307,1842,1643,259,137,347
307,1984,174,183,100,115
307,2006,1607,339,66,103
308,1733,133,173,77,122
308,1842,1645,263,134,340
308,1984,174,184,100,115
308,2006,1607,340,66,103
309,1733,132,172,77,122
309,1842,1646,263,134,340
309,1984,173,183,102,117
309,2006,1606,338,69,107
310,1733,130,170,77,122
310,1842,1648,269,131,333
310,1984,174,184,100,115
310,2006,1607,339,69,107
311,1733,130,169,75,119
311,1842,1648,268,131,333
311,1984,174,184,100,115
311,2006,1608,339,69,107
312,1733,128,169,75,119
312,1842,1649,269,131,333
312,1984,174,184,100,115
312,2006,1608,339,69,107
313,1733,128,168,75,119
313,1842,1649,269,131,333
313,1984,173,183,102,117
313,2006,1607,339,69,107
314,1733,127,167,75,119
314,1842,1651,274,129,327
314,1984,175,184,100,115
314,2006,1607,339,69,107
315,1733,126,166,75,119
315,1842,1652,277,126,320
315,1984,174,184,100,115
315,2006,1608,339,69,107
316,1733,125,165,75,119
316,1842,1649,273,129,327
316,1984,174,185,100,115
316,2006,1608,339,69,107
317,1733,126,165,74,117
317,1842,1652,283,124,314
317,1984,174,185,100,115
317,2006,1608,339,69,107
318,1733,124,164,74,117
318,1842,1649,278,126,320
318,1984,173,183,102,117
318,2006,1608,339,69,107
319,1733,124,162,74,117
319,1842,1651,286,121,308
319,1984,175,184,100,115
319,2006,1608,339,69,107
320,1733,123,160,74,117
320,1842,1654,291,119,302
320,1984,174,184,100,115
320,2006,1607,339,69,107
321,1733,122,158,74,117
321,1842,1655,295,117,296
321,1984,174,184,100,115
321,2006,1607,339,69,107
322,1733,120,156,74,117
322,1842,1657,299,114,290
322,1984,173,183,102,117
322,2006,1607,339,69,107
323,1733,119,153,75,119
323,1842,1656,299,114,290
323,1984,174,184,100,115
323,2006,1606,339,70,109
324,1733,119,151,75,119
324,1842,1658,305,112,284
324,1984,173,183,102,117
324,2006,1607,339,69,107
325,1733,119,149,75,119
325,1842,1658,304,112,284
325,1984,176,184,98,113
325,2006,1607,339,69,107
326,1733,119,149,75,119
326,1842,1658,304,112,284
326,1984,176,184,98,113
326,2006,1606,339,70,109
327,1733,119,148,75,119
327,1842,1659,307,110,279
327,1984,176,184,98,113
327,2006,1607,339,69,107
328,1733,119,147,75,119
328,1842,1658,304,112,284
328,1984,176,184,98,113
328,2006,1606,339,69,107
329,1733,119,147,74,117
329,1842,1659,309,110,279
329,1984,176,184,98,113
329,2006,1606,339,70,109
330,1733,118,146,74,117
330,1842,1659,309,110,279
330,1984,176,184,98,113
330,2006,1607,339,69,107
331,1733,118,145,74,117
331,1842,1660,312,108,273
331,1984,175,184,100,115
331,2006,1607,340,69,107
332,1733,117,145,74,117
332,1842,1660,312,108,273
332,1984,174,184,100,115
332,2006,1606,339,70,109
333,1733,117,144,74,117
333,1842,1661,316,105,268
333,1984,174,184,100,115
333,2006,1607,339,69,107
334,1733,117,143,74,117
334,1842,1662,320,103,263
334,1984,175,185,98,113
334,2006,1606,340,69,107
335,1733,116,142,74,117
335,1842,1663,324,101,257
335,1984,176,185,98,113
335,2006,1606,339,70,109
336,1733,116,141,74,117
336,1842,1664,327,99,252
336,1984,176,185,98,113
336,2006,1607,339,70,109
337,1733,116,139,74,117
337,1842,1666,335,95,242
337,1984,176,185,98,113
337,2006,1607,339,69,107
338,1733,115,137,74,117
338,1842,1669,338,94,238
338,1984,175,184,100,115
338,2006,1607,339,70,109
339,1733,114,136,74,117
339,1842,1669,339,94,238
339,1984,173,184,102,117
339,2006,1607,339,69,107
340,1733,113,134,74,117
340,1842,1670,339,94,238
340,1984,175,184,100,115
340,2006,1606,339,70,109
341,1733,113,131,74,117
341,1842,1670,339,94,238
341,1984,175,185,100,115
341,2006,1607,339,69,107
342,1733,112,129,74,117
342,1842,1671,342,92,233
342,1984,174,184,102,117
342,2006,1606,339,70,109
343,1733,111,127,74,117
343,1842,1672,343,92,233
343,1984,175,184,100,115
343,2006,1607,339,70,109
344,1733,111,125,74,117
344,1842,1673,346,90,228
344,1984,175,185,100,115
344,2006,1607,339,69,107
345,1733,110,124,74,117
345,1842,1674,345,90,228
345,1984,174,184,102,117
345,2006,1606,339,70,109
346,1733,109,123,74,117
346,1842,1672,343,92,233
346,1984,175,184,100,115
346,2006,1607,340,69,107
347,1733,109,123,72,114
347,1842,1675,349,88,224
347,1984,175,185,100,115
347,2006,1606,339,70,109
348,1733,109,122,72,114
348,1842,1674,347,90,228
348,1984,174,184,102,117
348,2006,1606,339,70,109
349,1733,108,122,72,114
349,1842,1677,353,86,220
349,1984,175,184,100,115
349,2006,1607,339,69,107
350,1733,108,120,74,117
350,1842,1678,356,85,215
350,1984,175,185,100,115
350,2006,1606,339,70,109
351,1733,108,119,74,117
351,1842,1679,356,85,215
351,1984,174,184,102,117
351,2006,1607,339,69,107
352,1733,107,118,74,117
352,1842,1679,356,85,215
352,1984,175,185,100,115
352,2006,1606,339,70,109
353,1733,107,117,74,117
353,1842,1679,356,85,215
353,1984,174,184,102,117
353,2006,1607,339,69,107
354,1733,108,115,74,117
354,1842,1680,359,83,211
354,1984,175,184,100,115
354,2006,1607,340,69,107
355,1733,107,114,74,117
355,1842,1681,359,83,211
355,1984,174,184,102,117
355,2006,1606,339,70,109
356,1733,106,111,75,119
356,1842,1682,359,83,211
356,1984,174,184,102,117
356,2006,1607,339,69,107
357,1733,106,108,77,122
357,1842,1683,359,83,211
357,1984,174,184,102,117
357,2006,1607,339,69,107
358,1733,106,105,77,122
358,1842,1684,357,85,215
358,1984,172,182,106,122
358,2006,1608,340,69,107
359,1733,105,103,79,124
359,1842,1684,356,85,215
359,1984,174,184,102,117
359,2006,1608,340,69,107
360,1733,105,102,79,124
360,1842,1683,353,86,220
360,1984,174,184,102,117
360,2006,1608,339,69,107
361,1733,105,101,79,124
361,1842,1684,354,86,220
361,1984,174,184,102,117
361,2006,1608,339,69,107
362,1733,105,101,79,124
362,1842,1685,354,86,220
362,1984,172,182,106,122
362,2006,1609,339,69,107
363,1733,106,100,79,124
363,1842,1684,351,88,224
363,1984,174,184,102,117
363,2006,1610,341,66,103
364,1733,107,100,79,124
364,1842,1684,348,90,228
364,1984,174,184,102,117
364,2006,1611,340,66,103
365,1733,108,102,77,122
365,1842,1685,348,90,228
365,1984,174,184,102,117
365,2006,1610,340,66,103
366,1733,110,104,77,122
366,1842,1686,348,90,228
366,1984,174,184,102,117
366,2006,1612,341,65,101
367,1733,111,104,77,122
367,1842,1688,349,90,228
367,1984,174,184,102,117
367,2006,1612,342,64,99
368,1733,112,105,75,119
368,1842,1688,348,90,228
368,1984,172,183,106,122
368,2006,1610,341,65,101
369,1733,111,104,77,122
369,1842,1688,345,92,233
369,1984,172,182,106,122
369,2006,1610,341,65,101
370,1733,112,104,77,122
370,1842,1688,345,92,233
370,1984,174,184,102,117
370,2006,1610,341,65,101
371,1733,112,103,77,122
371,1842,1688,342,94,238
371,1984,174,184,102,117
371,2006,1610,342,65,101
372,1733,112,102,79,124
372,1842,1691,346,92,233
372,1984,172,182,106,122
372,2006,1610,342,65,101
373,1733,113,102,79,124
373,1842,1691,343,94,238
373,1984,174,184,102,117
373,2006,1610,342,65,101
374,1733,114,102,79,124
374,1842,1692,344,94,238
374,1984,174,184,102,117
374,2006,1610,342,65,101
375,1733,114,102,79,124
375,1842,1692,340,95,242
375,1984,172,182,106,122
375,2006,1610,342,65,101
376,1733,115,103,77,122
376,1842,1692,340,95,242
376,1984,174,184,102,117
376,2006,1610,342,65,101
377,1733,114,102,79,124
377,1842,1693,337,97,247
377,1984,174,184,102,117
377,2006,1610,342,65,101
378,1733,114,103,79,124
378,1842,1695,340,95,242
378,1984,172,182,106,122
378,2006,1610,341,65,101
379,1733,115,104,77,122
379,1842,1694,337,97,247
379,1984,174,184,102,117
379,2006,1609,341,65,101
380,1733,115,104,77,122
380,1842,1695,337,97,247
380,1984,174,184,102,117
380,2006,1609,341,65,101
381,1733,115,103,77,122
381,1842,1696,337,97,247
381,1984,172,183,106,122
381,2006,1610,342,64,99
382,1733,115,104,77,122
382,1842,1696,337,97,247
382,1984,172,182,106,122
382,2006,1610,342,62,97
383,1733,114,103,77,122
383,1842,1695,337,97,247
383,1984,174,184,102,117
383,2006,1609,342,62,97
384,1733,114,103,77,122
384,1842,1696,337,97,247
384,1984,174,184,102,117
384,2006,1610,343,60,93
385,1733,114,103,75,119
385,1842,1696,337,97,247
385,1984,174,184,102,117
385,2006,1609,343,60,93
386,1733,115,103,75,119
386,1842,1697,337,97,247
386,1984,174,184,102,117
386,2006,1610,344,57,89
387,1733,114,102,77,122
387,1842,1697,337,97,247
387,1984,174,184,102,117
387,2006,1610,345,56,88
388,1733,114,101,77,122
388,1842,1698,334,99,252
388,1984,174,184,102,117
388,2006,1610,345,56,88
389,1733,114,101,77,122
389,1842,1698,334,99,252
389,1984,175,185,100,115
389,2006,1611,346,54,84
390,1733,114,101,77,122
390,1842,1699,328,103,263
390,1984,174,184,102,117
390,2006,1611,346,53,83
391,1733,114,101,77,122
391,1842,1698,331,101,257
391,1984,174,184,102,117
391,2006,1610,347,52,81
392,1733,114,101,77,122
392,1842,1698,328,103,263
392,1984,174,184,102,117
392,2006,1610,347,51,79
393,1733,114,101,77,122
393,1842,1697,327,103,263
393,1984,174,184,102,117
393,2006,1611,348,49,76
394,1733,114,101,77,122
394,1842,1697,324,105,268
394,1984,174,184,102,117
394,2006,1611,348,48,75
395,1733,114,101,77,122
395,1842,1697,324,105,268
395,1984,174,184,102,117
395,2006,1612,349,46,72
396,1733,115,101,77,122
396,1842,1697,324,105,268
396,1984,174,184,102,117
396,2006,1611,349,45,70
397,1733,115,102,77,122
397,1842,1697,323,105,268
397,1984,174,184,102,117
397,2006,1612,350,43,68
398,1733,116,102,75,119
398,1842,1697,323,105,268
398,1984,174,184,102,117
398,2006,1611,350,43,66
399,1733,116,102,75,119
399,1842,1696,319,108,273
399,1984,174,184,102,117
399,2006,1611,351,42,65
400,1733,116,102,75,119
400,1842,1695,319,108,273
400,1984,174,184,102,117
400,2006,1611,351,41,64
401,1733,116,102,75,119
401,1842,1694,316,110,279
401,1984,174,184,102,117
401,2006,1610,350,42,65
402,1733,118,103,74,117
402,1842,1695,319,108,273
402,1984,174,184,102,117
402,2006,1610,351,43,68
403,1733,118,103,74,117
403,1842,1695,319,108,273
403,1984,175,185,100,115
403,2006,1611,351,43,66
404,1733,118,102,74,117
404,1842,1694,319,108,273
404,1984,174,184,102,117
404,2006,1611,351,42,65
405,1733,118,102,74,117
405,1842,1694,318,108,273
405,1984,174,184,102,117
405,2006,1611,351,41,64
406,1733,118,102,74,117
406,1842,1694,318,108,273
406,1984,174,184,102,117
406,2006,1611,351,40,63
407,1733,119,103,72,114
407,1842,1693,318,108,273
407,1984,175,184,100,115
407,2006,1611,351,40,63
408,1733,119,103,72,114
408,1842,1692,316,110,279
408,1984,174,184,102,117
408,2006,1611,351,40,63
409,1733,119,101,74,117
409,1842,1693,319,108,273
409,1984,174,184,102,117
409,2006,1610,351,40,63
410,1733,119,101,74,117
410,1842,1691,314,110,279
410,1984,175,185,100,115
410,2006,1610,351,40,63
411,1733,119,100,75,119
411,1842,1691,315,110,279
411,1984,174,184,102,117
411,2006,1610,351,40,63
412,1733,119,101,74,117
412,1842,1691,314,110,279
412,1984,174,184,102,117
412,2006,1611,352,40,63
413,1733,119,101,74,117
413,1842,1691,314,110,279
413,1984,174,184,102,117
413,2006,1611,352,40,63
414,1733,119,101,74,117
414,1842,1690,313,110,279
414,1984,175,184,100,115
414,2006,1610,352,40,63
415,1733,119,101,74,117
415,1842,1689,314,110,279
415,1984,174,184,102,117
415,2006,1609,351,42,65
416,1733,119,101,74,117
416,1842,1687,313,110,279
416,1984,174,184,102,117
416,2006,1610,352,40,63
417,1733,118,100,75,119
417,1842,1687,313,110,279
417,1984,175,184,100,115
417,2006,1610,352,40,63
418,1733,119,100,75,119
418,1842,1686,313,110,279
418,1984,175,184,100,115
418,2006,1610,352,40,63
419,1733,119,100,75,119
419,1842,1684,309,112,284
419,1984,175,184,100,115
419,2006,1610,351,42,65
420,1733,119,100,75,119
420,1842,1683,309,112,284
420,1984,175,184,100,115
420,2006,1611,352,40,63
421,1733,119,101,75,119
421,1842,1682,309,112,284
421,1984,175,184,100,115
421,2006,1611,352,40,63
422,1733,119,101,75,119
422,1842,1682,308,112,284
422,1984,175,184,100,115
422,2006,1611,352,40,63
423,1733,118,102,75,119
423,1842,1681,305,114,290
423,1984,174,184,100,115
423,2006,1610,351,42,65
424,1733,118,102,75,119
424,1842,1679,305,114,290
424,1984,174,184,100,115
424,2006,1611,352,40,63
425,1733,119,103,74,117
425,1842,1678,304,114,290
425,1984,174,184,100,115
425,2006,1610,352,40,63
426,1733,118,102,74,117
426,1842,1679,305,114,290
426,1984,175,185,98,113
426,2006,1610,352,40,63
427,1733,118,102,74,117
427,1842,1677,304,114,290
427,1984,176,184,98,113
427,2006,1610,351,42,65
428,1733,117,102,74,117
428,1842,1678,304,114,290
428,1984,176,184,98,113
428,2006,1611,352,40,63
429,1733,117,101,74,117
429,1842,1677,304,114,290
429,1984,178,186,94,108
429,2006,1611,352,40,63
430,1733,116,101,74,117
430,1842,1677,303,114,290
430,1984,177,186,96,111
430,2006,1610,352,40,63
431,1733,115,100,75,119
431,1842,1674,300,117,296
431,1984,177,185,96,111
431,2006,1610,352,40,63
432,1733,116,100,74,117
432,1842,1677,304,114,290
432,1984,175,184,100,115
432,2006,1610,352,40,63
433,1733,116,100,74,117
433,1842,1674,303,114,290
433,1984,176,185,98,113
433,2006,1610,351,42,65
434,1733,116,99,74,117
434,1842,1672,295,119,302
434,1984,176,184,98,113
434,2006,1611,352,40,63
435,1733,115,98,75,119
435,1842,1673,299,117,296
435,1984,178,186,94,108
435,2006,1610,352,40,63
436,1733,115,98,75,119
436,1842,1674,299,117,296
436,1984,175,184,100,115
436,2006,1609,351,42,65
437,1733,115,98,75,119
437,1842,1672,303,114,290
437,1984,176,185,98,113
437,2006,1610,352,40,63
438,1733,114,96,77,122
438,1842,1598,301,114,290
438,1984,176,184,98,113
438,2006,1610,352,40,63
439,1733,115,95,77,122
439,1842,1599,302,114,290
439,1984,178,186,94,108
439,2006,1610,351,42,65
440,1733,115,94,77,122
440,1842,1600,302,114,290
440,1984,176,185,98,113
440,2006,1611,352,40,63
441,1733,114,94,77,122
441,1842,1600,298,117,296
441,1984,177,185,96,111
441,2006,1610,352,40,63
442,1733,115,93,77,122
442,1842,1601,302,114,290
442,1984,175,184,100,115
442,2006,1610,352,40,63
443,1733,115,93,77,122
443,1842,1601,302,114,290
443,1984,176,185,98,113
443,2006,1610,351,42,65
444,1733,115,91,77,122
444,1842,1600,297,117,296
444,1984,176,184,98,113
444,2006,1611,352,40,63
445,1733,114,89,79,124
445,1842,1600,298,117,296
445,1984,177,185,96,111
445,2006,1610,351,42,65
446,1733,115,88,79,124
446,1842,1600,299,117,296
446,1984,176,185,98,113
446,2006,1611,352,40,63
447,1733,115,86,79,124
447,1842,1599,299,117,296
447,1984,177,185,96,111
447,2006,1610,352,40,63
448,1733,115,85,79,124
448,1842,1600,303,114,290
448,1984,175,184,100,115
448,2006,1609,351,42,65
449,1733,116,83,79,124
449,1842,1601,302,114,290
449,1984,176,185,98,113
449,2006,1610,352,40,63
450,1733,114,81,80,126
450,1842,1601,303,114,290
450,1984,176,184,98,113
450,2006,1610,352,40,63
451,1733,114,80,80,126
451,1842,1601,303,114,290
451,1984,177,185,96,111
451,2006,1610,351,42,65
452,1733,115,80,79,124
452,1842,1604,314,108,273
452,1984,177,186,96,111
452,2006,1611,352,40,63
453,1733,115,80,77,122
453,1842,1602,309,110,279
453,1984,175,184,100,115
453,2006,1610,351,42,65
454,1733,115,79,77,122
454,1842,1604,313,108,273
454,1984,175,184,100,115
454,2006,1611,352,40,63
455,1733,114,79,77,122
455,1842,1605,314,108,273
455,1984,175,184,100,115
455,2006,1610,352,40,63
456,1733,115,77,77,122
456,1842,1606,316,105,268
456,1984,175,184,100,115
456,2006,1609,351,42,65
457,1733,114,76,77,122
457,1842,1604,314,108,273
457,1984,174,184,100,115
457,2006,1610,350,43,66
458,1733,113,74,79,124
458,1842,1605,317,105,268
458,1984,174,184,100,115
458,2006,1611,352,40,63
459,1733,112,72,79,124
459,1842,1606,316,105,268
459,1984,174,184,100,115
459,2006,1611,352,40,63
460,1733,111,70,79,124
460,1842,1604,313,108,273
460,1984,174,184,100,115
460,2006,1610,351,42,65
461,1733,111,68,79,124
461,1842,1607,318,105,268
461,1984,175,185,98,113
461,2006,1610,352,40,63
462,1733,110,66,79,124
462,1842,1608,321,103,263
462,1984,176,184,98,113
462,2006,1610,352,40,63
463,1733,109,64,79,124
463,1842,1607,320,103,263
463,1984,176,184,98,113
463,2006,1610,351,42,65
464,1733,108,62,79,124
464,1842,1608,320,103,263
464,1984,178,186,94,108
464,2006,1609,350,43,66
465,1733,107,63,79,124
465,1842,1608,321,103,263
465,1984,176,185,98,113
465,2006,1611,352,40,63
466,1733,107,61,79,124
466,1842,1608,321,103,263
466,1984,176,184,98,113
466,2006,1610,351,42,65
467,1733,107,62,77,122
467,1842,1609,325,101,257
467,1984,178,186,94,108
467,2006,1611,352,40,63
468,1733,107,61,77,122
468,1842,1612,328,99,252
468,1984,175,184,100,115
468,2006,1610,352,40,63
469,1733,106,61,77,122
469,1842,1613,328,99,252
469,1984,175,184,100,115
469,2006,1610,352,40,63
470,1733,106,60,77,122
470,1842,1613,329,99,252
470,1984,175,184,100,115
470,2006,1609,351,42,65
471,1733,106,60,77,122
471,1842,1616,335,95,242
471,1984,174,184,100,115
471,2006,1611,352,40,63
472,1733,106,60,77,122
472,1842,1614,332,97,247
472,1984,173,183,102,117
472,2006,1610,351,42,65
473,1733,105,60,77,122
473,1842,1616,336,95,242
473,1984,176,184,98,113
473,2006,1611,352,40,63
474,1733,105,58,77,122
474,1842,1616,336,95,242
474,1984,176,184,98,113
474,2006,1610,352,40,63
475,1733,105,56,77,122
475,1842,1618,338,94,238
475,1984,178,186,94,108
475,2006,1610,352,40,63
476,1733,104,53,77,122
476,1842,1618,335,95,242
476,1984,176,185,98,113
476,2006,1610,351,42,65
477,1733,104,53,77,122
477,1842,1618,336,95,242
477,1984,177,186,96,111
477,2006,1609,350,43,66
478,1733,104,50,77,122
478,1842,1619,337,95,242
478,1984,175,184,100,115
478,2006,1611,352,40,63
479,1733,104,51,75,119
479,1842,1618,336,95,242
479,1984,175,184,100,115
479,2006,1611,352,40,63
480,1733,105,51,74,117
480,1842,1620,336,95,242
480,1984,174,184,100,115
480,2006,1609,351,42,65
481,1733,104,50,75,119
481,1842,1619,337,95,242
481,1984,174,184,100,115
481,2006,1610,352,40,63
482,1733,104,48,75,119
482,1842,1620,339,94,238
482,1984,173,183,102,117
482,2006,1610,352,40,63
483,1733,105,50,74,117
483,1842,1621,342,92,233
483,1984,176,185,98,113
483,2006,1610,351,42,65
484,1733,105,49,74,117
484,1842,1622,342,92,233
484,1984,176,184,98,113
484,2006,1610,352,40,63
485,1733,105,47,75,119
485,1842,1622,346,90,228
485,1984,178,186,94,108
485,2006,1609,350,43,66
486,1733,104,47,75,119
486,1842,1622,346,90,228
486,1984,175,184,100,115
486,2006,1610,350,43,66
487,1733,106,49,74,117
487,1842,1623,349,88,224
487,1984,175,184,100,115
487,2006,1611,352,40,63
488,1733,106,49,72,114
488,1842,1622,346,90,228
488,1984,176,185,98,113
488,2006,1611,352,40,63
489,1733,106,49,72,114
489,1842,1625,351,86,220
489,1984,177,185,96,111
489,2006,1610,352,40,63
490,1733,107,49,71,112
490,1842,1624,349,88,224
490,1984,175,184,100,115
490,2006,1609,350,43,66
491,1733,109,50,70,110
491,1842,1624,352,86,220
491,1984,175,184,100,115
491,2006,1610,350,43,66
