31,1775,1421,138,33,66
31,1801,714,166,32,88
31,1833,902,390,106,155
31,1845,1700,80,13,25
31,1895,1532,124,29,56
31,1896,1529,95,26,43
31,1897,1581,89,24,45
31,1971,1043,286,58,143
31,1992,1443,82,12,31
31,1993,1512,79,17,36
31,1994,1410,84,11,28
32,1775,1421,137,33,66
32,1801,713,165,32,88
32,1833,902,392,106,155
32,1845,1700,81,13,25
32,1895,1532,124,29,56
32,1896,1530,95,26,43
32,1897,1581,89,24,45
32,1971,1042,286,58,143
32,1992,1444,79,12,31
32,1993,1512,79,17,36
32,1994,1410,84,11,28
33,1775,1421,137,33,66
33,1801,712,164,32,88
33,1833,901,394,106,155
33,1845,1701,82,13,25
33,1895,1532,125,29,56
33,1896,1530,95,26,43
33,1897,1581,89,24,45
33,1971,1041,278,58,143
33,1992,1444,80,12,31
33,1993,1513,79,17,36
33,1994,1410,84,11,28
34,1775,1421,137,33,66
34,1801,712,164,32,88
34,1833,900,398,106,155
34,1845,1701,82,13,25
34,1895,1531,124,29,56
34,1896,1530,95,26,43
34,1897,1581,89,24,45
34,1971,1040,276,58,143
34,1992,1444,80,12,31
34,1993,1513,80,17,36
34,1994,1410,84,11,28
35,1775,1421,137,33,66
35,1801,712,164,32,88
35,1833,899,402,106,155
35,1845,1703,81,13,25
35,1895,1531,123,29,56
35,1896,1531,95,26,43
35,1897,1582,87,24,45
35,1971,1040,277,58,143
35,1992,1444,83,12,31
35,1993,1513,82,17,36
35,1994,1410,84,11,28
36,1775,1421,137,33,66
36,1801,711,164,32,88
36,1833,899,410,106,155
36,1845,1703,82,13,25
36,1895,1531,124,29,56
36,1896,1531,95,26,43
36,1897,1582,88,24,45
36,1971,1039,280,58,143
36,1992,1445,80,12,31
36,1993,1513,83,17,36
36,1994,1410,84,11,28
37,1775,1421,137,33,66
37,1801,711,163,32,88
37,1833,896,412,106,155
37,1845,1704,82,13,25
37,1895,1530,124,29,56
37,1896,1531,95,26,43
37,1897,1582,88,24,45
37,1971,1038,281,58,143
37,1992,1445,82,12,31
37,1993,1514,81,17,36
37,1994,1410,84,11,28
38,1775,1421,137,33,66
38,1801,710,164,32,88
38,1833,894,410,106,155
38,1845,1704,81,13,25
38,1895,1530,124,29,56
38,1896,1531,95,26,43
38,1897,1583,88,24,45
38,1971,1037,282,58,143
38,1992,1446,82,12,31
38,1993,1515,78,17,36
38,1994,1410,84,11,28
39,1775,1421,137,33,66
39,1801,709,164,32,88
39,1833,890,416,106,155
39,1845,1705,81,13,25
39,1895,1530,124,29,56
39,1896,1532,94,26,43
39,1897,1583,88,24,45
39,1971,1036,282,58,143
39,1992,1446,82,12,31
39,1993,1515,78,17,36
39,1994,1410,84,11,28
40,1775,1421,137,33,66
40,1801,709,163,32,88
40,1833,890,416,106,155
40,1845,1706,81,13,25
40,1895,1530,123,29,56
40,1896,1532,95,26,43
40,1897,1583,89,24,45
40,1971,1035,283,58,143
40,1992,1447,82,12,31
40,1993,1516,76,17,36
40,1994,1410,84,11,28
41,1775,1421,137,33,66
41,1801,708,163,32,88
41,1833,888,420,106,155
41,1845,1706,82,13,25
41,1895,1530,124,29,56
41,1896,1534,95,26,43
41,1897,1584,88,24,45
41,1971,1034,283,58,143
41,1992,1448,81,12,31
41,1993,1516,76,17,36
41,1994,1410,84,11,28
42,1775,1421,137,33,66
42,1801,707,164,32,88
42,1833,887,426,106,155
42,1845,1707,82,13,25
42,1895,1529,125,29,56
42,1896,1535,95,26,43
42,1897,1584,88,24,45
42,1971,1033,283,58,143
42,1992,1448,82,12,31
42,1993,1517,76,17,36
42,1994,1410,84,11,28
43,1775,1421,136,33,66
43,1801,706,163,32,88
43,1833,886,426,106,155
43,1845,1708,82,13,25
43,1895,1529,125,29,56
43,1896,1535,94,26,43
43,1897,1584,90,24,45
43,1971,1031,292,58,143
43,1992,1448,82,12,31
43,1993,1517,79,17,36
43,1994,1410,84,11,28
44,1775,1421,137,33,66
44,1801,705,161,32,88
44,1833,884,424,106,155
44,1845,1708,82,13,25
44,1895,1529,125,29,56
44,1896,1536,95,26,43
44,1897,1585,88,24,45
44,1971,1029,292,58,143
44,1992,1448,82,12,31
44,1993,1517,80,17,36
44,1994,1410,84,11,28
45,1775,1422,134,33,66
45,1801,704,162,32,88
45,1833,885,420,106,155
45,1845,1709,81,13,25
45,1895,1529,125,29,56
45,1896,1535,95,26,43
45,1897,1585,89,24,45
45,1971,1028,293,58,143
45,1992,1449,80,12,31
45,1993,1518,80,17,36
45,1994,1410,84,11,28
46,1775,1420,137,33,66
46,1801,704,162,32,88
46,1833,884,420,106,155
46,1845,1709,82,13,25
46,1895,1529,125,29,56
46,1896,1536,95,26,43
46,1897,1585,90,24,45
46,1971,1027,299,58,143
46,1992,1449,79,12,31
46,1993,1519,79,17,36
46,1994,1410,84,11,28
47,1775,1422,135,33,66
47,1801,703,162,32,88
47,1833,883,420,106,155
47,1845,1710,82,13,25
47,1895,1529,125,29,56
47,1896,1536,95,26,43
47,1897,1586,89,24,45
47,1971,1025,300,58,143
47,1992,1449,79,12,31
47,1993,1519,80,17,36
47,1994,1410,84,11,28
48,1775,1422,133,33,66
48,1801,702,161,32,88
48,1833,881,426,106,155
48,1845,1711,82,13,25
48,1895,1528,126,29,56
48,1896,1537,95,26,43
48,1897,1586,89,24,45
48,1971,1025,301,58,143
48,1992,1450,79,12,31
48,1993,1519,83,17,36
48,1994,1410,84,11,28
49,1775,1421,136,33,66
49,1801,701,160,32,88
49,1833,879,426,106,155
49,1845,1711,83,13,25
49,1895,1528,126,29,56
49,1896,1538,95,26,43
49,1897,1587,89,24,45
49,1971,1020,301,58,143
49,1992,1450,79,12,31
49,1993,1520,82,17,36
49,1994,1410,84,11,28
50,1775,1421,136,33,66
50,1801,701,160,32,88
50,1833,877,424,106,155
50,1845,1711,83,13,25
50,1895,1528,126,29,56
50,1896,1539,95,26,43
50,1897,1588,88,24,45
50,1971,1018,302,58,143
50,1992,1450,79,12,31
50,1993,1520,86,17,36
50,1994,1410,84,11,28
51,1775,1421,135,33,66
51,1801,701,160,32,88
51,1833,875,426,106,155
51,1845,1713,80,13,25
51,1895,1528,126,29,56
51,1896,1539,95,26,43
51,1897,1588,88,24,45
51,1971,1017,300,58,143
51,1992,1450,82,12,31
51,1993,1521,81,17,36
51,1994,1410,84,11,28
52,1775,1421,135,33,66
52,1801,700,159,32,88
52,1833,872,428,106,155
52,1845,1713,81,13,25
52,1895,1527,126,29,56
52,1896,1540,95,26,43
52,1897,1588,89,24,45
52,1971,1024,292,58,143
52,1992,1451,79,12,31
52,1993,1521,85,17,36
52,1994,1410,84,11,28
53,1775,1421,135,33,66
53,1801,700,160,32,88
53,1833,870,430,106,155
53,1845,1713,82,13,25
53,1895,1527,126,29,56
53,1896,1540,95,26,43
53,1897,1588,89,24,45
53,1971,1018,295,58,143
53,1992,1451,80,12,31
53,1993,1522,83,17,36
53,1994,1410,84,11,28
54,1775,1421,135,33,66
54,1801,699,160,32,88
54,1833,869,432,106,155
54,1845,1714,81,13,25
54,1895,1527,127,29,56
54,1896,1540,95,26,43
54,1897,1588,91,24,45
54,1971,1018,296,58,143
54,1992,1451,82,12,31
54,1993,1523,80,17,36
54,1994,1410,84,11,28
55,1775,1421,135,33,66
55,1801,699,160,32,88
55,1833,868,434,106,155
55,1845,1715,81,13,25
55,1895,1527,126,29,56
55,1896,1541,94,26,43
55,1897,1588,92,24,45
55,1971,1017,295,58,143
55,1992,1451,82,12,31
55,1993,1523,81,17,36
55,1994,1410,84,11,28
56,1775,1421,135,33,66
56,1801,699,160,32,88
56,1833,864,440,106,155
56,1845,1715,81,13,25
56,1895,1527,127,29,56
56,1896,1541,94,26,43
56,1897,1588,92,24,45
56,1971,1016,297,58,143
56,1992,1451,83,12,31
56,1993,1524,80,17,36
56,1994,1410,84,11,28
57,1775,1421,135,33,66
57,1801,698,160,32,88
57,1833,861,440,106,155
57,1845,1716,80,13,25
57,1895,1526,128,29,56
57,1896,1542,94,26,43
57,1897,1588,92,24,45
57,1971,1018,301,58,143
57,1992,1452,81,12,31
57,1993,1524,81,17,36
57,1994,1410,84,11,28
58,1775,1421,136,33,66
58,1801,698,160,32,88
58,1833,861,444,106,155
58,1845,1717,81,13,25
58,1895,1526,127,29,56
58,1896,1542,94,26,43
58,1897,1589,91,24,45
58,1971,1018,303,58,143
58,1992,1452,82,12,31
58,1993,1525,79,17,36
58,1994,1409,85,11,28
59,1775,1422,135,33,66
59,1801,697,159,32,88
59,1833,860,442,106,155
59,1845,1717,82,13,25
59,1895,1526,128,29,56
59,1896,1542,94,26,43
59,1897,1589,93,24,45
59,1971,1012,293,58,143
59,1992,1451,84,12,31
59,1993,1525,80,17,36
59,1994,1409,85,11,28
60,1775,1422,135,33,66
60,1801,697,160,32,88
60,1833,858,440,106,155
60,1845,1718,82,13,25
60,1895,1525,128,29,56
60,1896,1542,94,26,43
60,1897,1590,91,24,45
60,1971,1010,300,58,143
60,1992,1451,84,12,31
60,1993,1525,82,17,36
60,1994,1409,85,11,28
61,1775,1422,135,33,66
61,1801,697,160,32,88
61,1833,856,438,106,155
61,1845,1719,81,13,25
61,1895,1525,128,29,56
61,1896,1543,94,26,43
61,1897,1591,89,24,45
61,1971,1007,311,58,143
61,1992,1452,80,12,31
61,1993,1525,81,17,36
61,1994,1409,85,11,28
62,1775,1422,135,33,66
62,1801,696,159,32,88
62,1833,856,442,106,155
62,1845,1720,80,13,25
62,1895,1524,128,29,56
62,1896,1543,94,26,43
62,1897,1591,89,24,45
62,1971,1005,309,58,143
62,1992,1452,83,12,31
62,1993,1526,80,17,36
62,1994,1409,85,11,28
63,1775,1422,135,33,66
63,1801,695,159,32,88
63,1833,853,434,106,155
63,1845,1720,81,13,25
63,1895,1524,129,29,56
63,1896,1544,94,26,43
63,1897,1591,90,24,45
63,1971,1004,312,58,143
63,1992,1452,83,12,31
63,1993,1526,81,17,36
63,1994,1409,85,11,28
64,1775,1422,135,33,66
64,1801,695,159,32,88
64,1833,855,442,106,155
64,1845,1721,81,13,25
64,1895,1524,128,29,56
64,1896,1544,94,26,43
64,1897,1591,90,24,45
64,1971,1003,314,58,143
64,1992,1453,80,12,31
64,1993,1526,84,17,36
64,1994,1409,85,11,28
65,1775,1422,134,33,66
65,1801,695,159,32,88
65,1833,853,442,106,155
65,1845,1721,82,13,25
65,1895,1524,129,29,56
65,1896,1544,94,26,43
65,1897,1592,88,24,45
65,1971,1003,315,58,143
65,1992,1453,81,12,31
65,1993,1527,79,17,36
65,1994,1409,85,11,28
66,1775,1422,134,33,66
66,1801,694,159,32,88
66,1833,852,442,106,155
66,1845,1722,81,13,25
66,1895,1524,129,29,56
66,1896,1545,94,26,43
66,1897,1591,90,24,45
66,1971,1002,309,58,143
66,1992,1453,83,12,31
66,1993,1527,79,17,36
66,1994,1409,85,11,28
67,1775,1422,135,33,66
67,1801,693,158,32,88
67,1833,850,444,106,155
67,1845,1723,79,13,25
67,1895,1524,128,29,56
67,1896,1545,94,26,43
67,1897,1591,90,24,45
67,1971,1001,306,58,143
67,1992,1453,84,12,31
67,1993,1527,80,17,36
67,1994,1409,85,11,28
68,1775,1422,134,33,66
68,1801,693,158,32,88
68,1833,849,444,106,155
68,1845,1723,81,13,25
68,1895,1523,129,29,56
68,1896,1545,94,26,43
68,1897,1591,89,24,45
68,1971,1000,306,58,143
68,1992,1454,84,12,31
68,1993,1528,77,17,36
68,1994,1409,85,11,28
69,1775,1422,135,33,66
69,1801,692,157,32,88
69,1833,847,446,106,155
69,1845,1724,80,13,25
69,1895,1523,129,29,56
69,1896,1545,94,26,43
69,1897,1591,88,24,45
69,1971,999,307,58,143
69,1992,1454,83,12,31
69,1993,1526,85,17,36
69,1994,1409,85,11,28
70,1775,1422,135,33,66
70,1801,692,158,32,88
70,1833,844,442,106,155
70,1845,1724,81,13,25
70,1895,1523,128,29,56
70,1896,1546,94,26,43
70,1897,1591,89,24,45
70,1971,998,308,58,143
70,1992,1454,84,12,31
70,1993,1526,86,17,36
70,1994,1409,85,11,28
71,1775,1422,134,33,66
71,1801,691,157,32,88
71,1833,843,442,106,155
71,1845,1725,81,13,25
71,1895,1522,129,29,56
71,1896,1546,94,26,43
71,1897,1592,87,24,45
71,1971,997,308,58,143
71,1992,1454,84,12,31
71,1993,1526,86,17,36
71,1994,1409,85,11,28
72,1775,1422,134,33,66
72,1801,690,157,32,88
72,1833,841,442,106,155
72,1845,1726,81,13,25
72,1895,1522,128,29,56
72,1896,1547,94,26,43
72,1897,1593,87,24,45
72,1971,996,310,58,143
72,1992,1455,84,12,31
72,1993,1528,80,17,36
72,1994,1409,85,11,28
73,1775,1422,135,33,66
73,1801,690,157,32,88
73,1833,840,452,106,155
73,1845,1726,82,13,25
73,1895,1521,130,29,56
73,1896,1547,94,26,43
73,1897,1592,92,24,45
73,1971,994,310,58,143
73,1992,1455,84,12,31
73,1993,1529,80,17,36
73,1994,1409,85,11,28
74,1775,1422,135,33,66
74,1801,689,157,32,88
74,1833,839,454,106,155
74,1845,1727,81,13,25
74,1895,1521,129,29,56
74,1896,1547,94,26,43
74,1897,1593,91,24,45
74,1971,993,310,58,143
74,1992,1455,86,12,31
74,1993,1530,79,17,36
74,1994,1409,85,11,28
74,1880,1886,102,30,47
75,1775,1422,135,33,66
75,1801,688,157,32,88
75,1833,838,460,106,155
75,1845,1728,81,13,25
75,1895,1521,129,29,56
75,1896,1548,93,26,43
75,1897,1594,90,24,45
75,1971,992,312,58,143
75,1992,1455,84,12,31
75,1993,1532,77,17,36
75,1994,1409,85,11,28
75,1880,1885,104,30,47
76,1775,1422,135,33,66
76,1801,688,157,32,88
76,1833,836,462,106,155
76,1845,1728,81,13,25
76,1895,1520,130,29,56
76,1896,1549,93,26,43
76,1897,1595,89,24,45
76,1971,990,312,58,143
76,1992,1455,84,12,31
76,1993,1533,78,17,36
76,1994,1409,85,11,28
76,1880,1883,98,30,47
77,1775,1423,133,33,66
77,1801,687,157,32,88
77,1833,835,464,106,155
77,1845,1729,81,13,25
77,1895,1520,131,29,56
77,1896,1550,92,26,43
77,1897,1596,89,24,45
77,1971,988,327,58,143
77,1992,1455,85,12,31
77,1993,1533,78,17,36
77,1994,1409,85,11,28
77,1880,1882,98,30,47
78,1775,1423,133,33,66
78,1801,686,157,32,88
78,1833,833,468,106,155
78,1845,1729,82,13,25
78,1895,1520,130,29,56
78,1896,1550,92,26,43
78,1897,1598,91,24,45
78,1971,986,326,58,143
78,1992,1455,84,12,31
78,1993,1533,80,17,36
78,1994,1409,85,11,28
78,1880,1880,108,30,47
79,1775,1423,133,33,66
79,1801,685,157,32,88
79,1833,830,474,106,155
79,1845,1730,82,13,25
79,1895,1520,130,29,56
79,1896,1550,93,26,43
79,1897,1599,90,24,45
79,1971,985,324,58,143
79,1992,1455,85,12,31
79,1993,1534,80,17,36
79,1994,1409,85,11,28
79,1880,1878,107,30,47
80,1775,1423,133,33,66
80,1801,684,157,32,88
80,1833,827,474,106,155
80,1845,1731,81,13,25
80,1895,1520,129,29,56
80,1896,1551,92,26,43
80,1897,1600,90,24,45
80,1971,984,321,58,143
80,1992,1455,85,12,31
80,1993,1534,79,17,36
80,1994,1409,85,11,28
80,1880,1877,106,30,47
81,1775,1424,128,33,66
81,1801,683,156,32,88
81,1833,826,472,106,155
81,1845,1731,82,13,25
81,1895,1520,129,29,56
81,1896,1551,93,26,43
81,1897,1601,90,24,45
81,1971,984,329,58,143
81,1992,1455,85,12,31
81,1993,1535,79,17,36
81,1994,1409,85,11,28
81,1880,1877,101,30,47
82,1775,1424,127,33,66
82,1801,682,156,32,88
82,1833,823,478,106,155
82,1845,1732,81,13,25
82,1895,1519,131,29,56
82,1896,1552,93,26,43
82,1897,1602,91,24,45
82,1971,981,326,58,143
82,1992,1455,86,12,31
82,1993,1535,79,17,36
82,1994,1409,85,11,28
82,1880,1876,102,30,47
83,1775,1423,132,33,66
83,1801,682,157,32,88
83,1833,823,476,106,155
83,1845,1732,81,13,25
83,1895,1519,130,29,56
83,1896,1552,93,26,43
83,1897,1602,92,24,45
83,1971,982,326,58,143
83,1992,1455,86,12,31
83,1993,1536,78,17,36
83,1994,1409,85,11,28
83,1880,1875,102,30,47
84,1775,1422,132,33,66
84,1801,681,157,32,88
84,1833,820,480,106,155
84,1845,1733,81,13,25
84,1895,1519,131,29,56
84,1896,1553,93,26,43
84,1897,1603,91,24,45
84,1971,981,327,58,143
84,1992,1455,86,12,31
84,1993,1536,79,17,36
84,1994,1409,85,11,28
84,1880,1874,99,30,47
85,1775,1423,133,33,66
85,1801,681,155,32,88
85,1833,820,476,106,155
85,1845,1733,82,13,25
85,1895,1519,131,29,56
85,1896,1553,93,26,43
85,1897,1605,87,24,45
85,1971,979,328,58,143
85,1992,1455,86,12,31
85,1993,1536,79,17,36
85,1994,1409,85,11,28
85,1880,1872,98,30,47
86,1775,1423,133,33,66
86,1801,681,155,32,88
86,1833,818,476,106,155
86,1845,1734,81,13,25
86,1895,1519,131,29,56
86,1896,1553,93,26,43
86,1897,1605,90,24,45
86,1971,977,328,58,143
86,1992,1455,86,12,31
86,1993,1537,80,17,36
86,1994,1409,85,11,28
86,1880,1871,97,30,47
87,1775,1423,131,33,66
87,1801,681,155,32,88
87,1833,815,478,106,155
87,1845,1735,81,13,25
87,1895,1518,133,29,56
87,1896,1554,92,26,43
87,1897,1606,90,24,45
87,1971,975,331,58,143
87,1992,1455,87,12,31
87,1993,1537,79,17,36
87,1994,1409,85,11,28
87,1880,1870,97,30,47
88,1775,1423,132,33,66
88,1801,681,154,32,88
88,1833,812,482,106,155
88,1845,1735,82,13,25
88,1895,1518,133,29,56
88,1896,1555,92,26,43
88,1897,1608,88,24,45
88,1971,973,332,58,143
88,1992,1455,87,12,31
88,1993,1538,77,17,36
88,1994,1409,85,11,28
88,1880,1869,97,30,47
89,1775,1423,131,33,66
89,1801,680,154,32,88
89,1833,810,484,106,155
89,1845,1736,81,13,25
89,1895,1518,132,29,56
89,1896,1555,92,26,43
89,1897,1610,92,24,45
89,1971,972,334,58,143
89,1992,1455,86,12,31
89,1993,1538,80,17,36
89,1994,1409,85,11,28
89,1880,1867,97,30,47
90,1775,1423,132,33,66
90,1801,680,155,32,88
90,1833,808,486,106,155
90,1845,1737,80,13,25
90,1895,1517,133,29,56
90,1896,1556,91,26,43
90,1897,1611,90,24,45
90,1971,968,334,58,143
90,1992,1455,87,12,31
90,1993,1539,79,17,36
90,1994,1409,85,11,28
90,1880,1866,97,30,47
91,1775,1423,132,33,66
91,1801,680,155,32,88
91,1833,806,490,106,155
91,1845,1737,82,13,25
91,1895,1517,133,29,56
91,1896,1556,91,26,43
91,1897,1612,90,24,45
91,1971,966,335,58,143
91,1992,1455,87,12,31
91,1993,1539,78,17,36
91,1994,1409,85,11,28
91,1880,1864,96,30,47
92,1775,1423,132,33,66
92,1801,680,155,32,88
92,1833,804,490,106,155
92,1845,1738,81,13,25
92,1895,1517,134,29,56
92,1896,1556,91,26,43
92,1897,1613,89,24,45
92,1971,964,335,58,143
92,1992,1455,87,12,31
92,1993,1539,80,17,36
92,1994,1409,85,11,28
92,1880,1863,96,30,47
93,1775,1423,133,33,66
93,1801,680,154,32,88
93,1833,801,496,106,155
93,1845,1738,82,13,25
93,1895,1516,134,29,56
93,1896,1557,91,26,43
93,1897,1614,89,24,45
93,1971,962,336,58,143
93,1992,1455,87,12,31
93,1993,1540,78,17,36
93,1994,1409,85,11,28
93,1880,1861,96,30,47
94,1775,1423,133,33,66
94,1801,681,152,32,88
94,1833,798,500,106,155
94,1845,1739,82,13,25
94,1895,1516,134,29,56
94,1896,1557,91,26,43
94,1897,1615,90,24,45
94,1971,959,338,58,143
94,1992,1455,87,12,31
94,1993,1540,80,17,36
94,1994,1409,85,11,28
94,1880,1859,97,30,47
95,1775,1423,133,33,66
95,1801,682,153,32,88
95,1833,791,500,106,155
95,1845,1740,81,13,25
95,1895,1516,135,29,56
95,1896,1557,91,26,43
95,1897,1617,90,24,45
95,1971,958,337,58,143
95,1992,1455,87,12,31
95,1993,1541,79,17,36
95,1994,1409,85,11,28
95,1880,1857,98,30,47
96,1775,1423,133,33,66
96,1801,684,155,32,88
96,1833,792,506,106,155
96,1845,1741,80,13,25
96,1895,1515,134,29,56
96,1896,1558,91,26,43
96,1897,1618,91,24,45
96,1971,957,339,58,143
96,1992,1455,87,12,31
96,1993,1541,78,17,36
96,1994,1409,85,11,28
96,1880,1855,102,30,47
97,1775,1423,134,33,66
97,1801,684,154,32,88
97,1833,790,506,106,155
97,1845,1742,80,13,25
97,1895,1515,134,29,56
97,1896,1558,91,26,43
97,1897,1619,92,24,45
97,1971,955,339,58,143
97,1992,1455,87,12,31
97,1993,1541,79,17,36
97,1994,1409,85,11,28
97,1880,1854,106,30,47
98,1775,1424,131,33,66
98,1801,683,154,32,88
98,1833,787,504,106,155
98,1845,1742,82,13,25
98,1895,1514,135,29,56
98,1896,1558,91,26,43
98,1897,1619,92,24,45
98,1971,952,339,58,143
98,1992,1455,87,12,31
98,1993,1542,77,17,36
98,1994,1409,85,11,28
98,1880,1852,106,30,47
99,1775,1424,131,33,66
99,1801,683,154,32,88
99,1833,785,502,106,155
99,1845,1743,81,13,25
99,1895,1514,134,29,56
99,1896,1559,91,26,43
99,1897,1620,88,24,45
99,1971,951,340,58,143
99,1992,1455,87,12,31
99,1993,1542,77,17,36
99,1994,1409,85,11,28
99,1880,1850,106,30,47
100,1775,1424,132,33,66
100,1801,682,153,32,88
100,1833,785,502,106,155
100,1845,1743,82,13,25
100,1895,1514,135,29,56
100,1896,1559,91,26,43
100,1897,1621,88,24,45
100,1971,948,340,58,143
100,1992,1455,87,12,31
100,1993,1542,79,17,36
100,1994,1409,85,11,28
100,1880,1851,99,30,47
101,1775,1424,131,33,66
101,1801,681,153,32,88
101,1833,783,500,106,155
101,1845,1744,80,13,25
101,1895,1514,135,29,56
101,1896,1559,91,26,43
101,1897,1622,88,24,45
101,1971,950,323,58,143
101,1992,1455,87,12,31
101,1993,1543,79,17,36
101,1994,1409,85,11,28
101,1880,1850,97,30,47
102,1775,1424,132,33,66
102,1801,679,153,32,88
102,1833,781,500,106,155
102,1845,1745,81,13,25
102,1895,1513,134,29,56
102,1896,1560,90,26,43
102,1897,1623,88,24,45
102,1971,949,324,58,143
102,1992,1455,87,12,31
102,1993,1544,78,17,36
102,1994,1409,85,11,28
102,1880,1849,96,30,47
103,1775,1424,132,33,66
103,1801,677,153,32,88
103,1833,779,500,106,155
103,1845,1746,79,13,25
103,1895,1513,134,29,56
103,1896,1560,91,26,43
103,1897,1625,87,24,45
103,1971,948,325,58,143
103,1992,1455,87,12,31
103,1993,1545,77,17,36
103,1994,1409,85,11,28
103,1880,1847,97,30,47
104,1775,1424,131,33,66
104,1833,777,502,106,155
104,1845,1740,69,13,25
104,1895,1513,134,29,56
104,1896,1561,88,26,43
104,1897,1628,89,24,45
104,1971,945,327,58,143
104,1992,1450,74,12,31
104,1993,1545,78,17,36
104,1994,1409,86,11,28
104,1880,1846,97,30,47
105,1775,1424,131,33,66
105,1833,775,502,106,155
105,1845,1734,70,13,25
105,1895,1513,133,29,56
105,1896,1561,88,26,43
105,1897,1626,88,24,45
105,1971,943,323,58,143
105,1992,1454,74,12,31
105,1993,1547,77,17,36
105,1994,1409,85,11,28
105,1880,1845,96,30,47
106,1775,1424,131,33,66
106,1833,773,504,106,155
106,1845,1734,70,13,25
106,1895,1513,132,29,56
106,1896,1562,88,26,43
106,1897,1630,88,24,45
106,1971,941,327,58,143
106,1992,1454,74,12,31
106,1993,1546,78,17,36
106,1994,1409,85,11,28
106,1880,1844,96,30,47
107,1775,1424,131,33,66
107,1833,771,506,106,155
107,1845,1731,70,13,25
107,1895,1512,134,29,56
107,1896,1562,88,26,43
107,1897,1629,89,24,45
107,1971,939,326,58,143
107,1992,1454,74,12,31
107,1993,1547,78,17,36
107,1994,1409,85,11,28
107,1880,1842,96,30,47
108,1775,1424,131,33,66
108,1833,770,506,106,155
108,1845,1734,70,13,25
108,1895,1512,132,29,56
108,1896,1563,88,26,43
108,1897,1630,89,24,45
108,1971,937,332,58,143
108,1992,1454,74,12,31
108,1993,1547,78,17,36
108,1994,1409,85,11,28
108,1880,1840,95,30,47
109,1775,1424,132,33,66
109,1833,768,506,106,155
109,1845,1734,70,13,25
109,1895,1511,134,29,56
109,1896,1564,89,26,43
109,1897,1631,88,24,45
109,1971,936,334,58,143
109,1992,1454,74,12,31
109,1993,1547,77,17,36
109,1994,1409,85,11,28
109,1880,1839,96,30,47
110,1775,1424,132,33,66
110,1833,765,506,106,155
110,1845,1733,69,13,25
110,1895,1511,132,29,56
110,1896,1565,88,26,43
110,1897,1631,89,24,45
110,1971,933,335,58,143
110,1992,1454,74,12,31
110,1993,1548,77,17,36
110,1994,1409,85,11,28
110,1880,1837,97,30,47
111,1775,1424,132,33,66
111,1833,763,512,106,155
111,1845,1735,69,13,25
111,1895,1510,133,29,56
111,1896,1567,81,26,43
111,1897,1632,89,24,45
111,1971,930,338,58,143
111,1992,1454,74,12,31
111,1993,1548,77,17,36
111,1994,1409,85,11,28
111,1880,1835,100,30,47
112,1775,1424,131,33,66
112,1833,761,512,106,155
112,1845,1733,69,13,25
112,1895,1509,135,29,56
112,1896,1564,92,26,43
112,1897,1633,88,24,45
112,1971,927,339,58,143
112,1992,1454,74,12,31
112,1993,1549,76,17,36
112,1994,1409,85,11,28
112,1880,1834,102,30,47
113,1775,1424,131,33,66
113,1833,758,514,106,155
113,1845,1734,69,13,25
113,1895,1509,134,29,56
113,1896,1563,88,26,43
113,1897,1634,88,24,45
113,1971,924,339,58,143
113,1992,1454,74,12,31
113,1993,1549,77,17,36
113,1994,1409,85,11,28
113,1880,1833,102,30,47
114,1775,1424,131,33,66
114,1833,756,520,106,155
114,1845,1734,69,13,25
114,1895,1508,136,29,56
114,1896,1563,89,26,43
114,1897,1635,89,24,45
114,1971,921,340,58,143
114,1992,1454,74,12,31
114,1993,1550,76,17,36
114,1994,1409,85,11,28
114,1880,1831,106,30,47
115,1775,1424,131,33,66
115,1833,754,526,106,155
115,1845,1734,69,13,25
115,1895,1508,136,29,56
115,1896,1563,90,26,43
115,1897,1634,88,24,45
115,1971,918,340,58,143
115,1992,1454,74,12,31
115,1993,1551,76,17,36
115,1994,1409,85,11,28
115,1880,1830,97,30,47
116,1775,1424,131,33,66
116,1833,752,528,106,155
116,1845,1733,69,13,25
116,1895,1508,136,29,56
116,1896,1564,89,26,43
116,1897,1634,88,24,45
116,1971,915,339,58,143
116,1992,1454,74,12,31
116,1993,1551,77,17,36
116,1994,1409,85,11,28
116,1880,1828,99,30,47
117,1775,1424,131,33,66
117,1833,750,530,106,155
117,1845,1733,69,13,25
117,1895,1508,136,29,56
117,1896,1564,91,26,43
117,1897,1636,89,24,45
117,1971,913,338,58,143
117,1992,1454,74,12,31
117,1993,1552,77,17,36
117,1994,1409,85,11,28
117,1880,1827,97,30,47
118,1775,1424,131,33,66
118,1833,749,530,106,155
118,1845,1735,69,13,25
118,1895,1508,136,29,56
118,1896,1565,89,26,43
118,1897,1639,89,24,45
118,1971,911,328,58,143
118,1992,1454,74,12,31
118,1993,1552,77,17,36
118,1994,1409,85,11,28
118,1880,1826,98,30,47
119,1775,1424,131,33,66
119,1833,746,530,106,155
119,1845,1733,69,13,25
119,1895,1508,136,29,56
119,1896,1570,85,26,43
119,1897,1629,89,24,45
119,1971,909,329,58,143
119,1992,1454,74,12,31
119,1993,1552,77,17,36
119,1994,1409,85,11,28
119,1880,1825,98,30,47
120,1775,1424,131,33,66
120,1833,743,564,106,155
120,1845,1733,69,13,25
120,1895,1507,137,29,56
120,1896,1567,88,26,43
120,1897,1627,88,24,45
120,1971,908,327,58,143
120,1992,1454,74,12,31
120,1993,1553,77,17,36
120,1994,1409,86,11,28
120,1880,1824,93,30,47
121,1775,1424,131,33,66
121,1833,740,572,106,155
121,1845,1733,69,13,25
121,1895,1507,137,29,56
121,1896,1568,89,26,43
121,1897,1626,88,24,45
121,1971,907,327,58,143
121,1992,1454,74,12,31
121,1993,1553,77,17,36
121,1994,1409,86,11,28
121,1880,1823,94,30,47
122,1775,1424,131,33,66
122,1833,737,576,106,155
122,1845,1733,69,13,25
122,1895,1507,137,29,56
122,1896,1568,89,26,43
122,1897,1626,88,24,45
122,1971,906,327,58,143
122,1992,1454,74,12,31
122,1993,1554,76,17,36
122,1994,1409,86,11,28
122,1880,1822,93,30,47
123,1775,1424,130,33,66
123,1833,732,576,106,155
123,1845,1733,69,13,25
123,1895,1507,137,29,56
123,1896,1569,88,26,43
123,1897,1628,88,24,45
123,1971,904,327,58,143
123,1992,1454,74,12,31
123,1993,1555,76,17,36
123,1994,1409,86,11,28
123,1880,1821,93,30,47
124,1775,1424,130,33,66
124,1833,728,526,106,155
124,1845,1733,69,13,25
124,1895,1507,136,29,56
124,1896,1569,88,26,43
124,1897,1628,88,24,45
124,1971,901,328,58,143
124,1992,1454,74,12,31
124,1993,1555,76,17,36
124,1994,1409,86,11,28
124,1880,1819,93,30,47
125,1775,1424,130,33,66
125,1833,727,524,106,155
125,1845,1733,69,13,25
125,1895,1506,138,29,56
125,1896,1570,88,26,43
125,1897,1628,88,24,45
125,1971,899,327,58,143
125,1992,1454,74,12,31
125,1993,1556,76,17,36
125,1994,1409,86,11,28
125,1880,1818,92,30,47
126,1775,1424,129,33,66
126,1833,725,524,106,155
126,1845,1733,69,13,25
126,1895,1506,137,29,56
126,1896,1570,88,26,43
126,1897,1628,88,24,45
126,1971,897,326,58,143
126,1992,1454,74,12,31
126,1993,1556,77,17,36
126,1994,1409,86,11,28
126,1880,1816,93,30,47
127,1775,1424,130,33,66
127,1833,723,528,106,155
127,1845,1733,69,13,25
127,1895,1506,137,29,56
127,1896,1571,88,26,43
127,1897,1628,88,24,45
127,1971,895,326,58,143
127,1992,1454,74,12,31
127,1993,1558,72,17,36
127,1994,1409,86,11,28
127,1880,1815,93,30,47
128,1775,1424,130,33,66
128,1833,720,530,106,155
128,1845,1733,69,13,25
128,1895,1506,137,29,56
128,1896,1572,88,26,43
128,1897,1628,88,24,45
128,1971,893,325,58,143
128,1992,1454,74,12,31
128,1993,1557,77,17,36
128,1994,1409,86,11,28
128,1880,1813,93,30,47
129,1775,1424,130,33,66
129,1833,717,532,106,155
129,1845,1733,69,13,25
129,1895,1506,136,29,56
129,1896,1571,90,26,43
129,1897,1628,88,24,45
129,1971,891,324,58,143
129,1992,1454,74,12,31
129,1993,1559,73,17,36
129,1994,1409,86,11,28
129,1880,1811,95,30,47
130,1775,1424,130,33,66
130,1833,714,534,106,155
130,1845,1733,69,13,25
130,1895,1505,137,29,56
130,1896,1572,89,26,43
130,1897,1628,88,24,45
130,1971,887,323,58,143
130,1992,1454,74,12,31
130,1993,1559,73,17,36
130,1994,1409,86,11,28
130,1880,1810,96,30,47
131,1775,1424,130,33,66
131,1833,711,538,106,155
131,1845,1733,69,13,25
131,1895,1505,136,29,56
131,1896,1573,88,26,43
131,1897,1628,88,24,45
131,1971,884,323,58,143
131,1992,1454,74,12,31
131,1993,1560,73,17,36
131,1994,1409,86,11,28
131,1880,1808,97,30,47
132,1775,1424,130,33,66
132,1833,707,540,106,155
132,1845,1727,69,13,25
132,1895,1504,138,29,56
132,1896,1574,88,26,43
132,1897,1627,88,24,45
132,1971,882,324,58,143
132,1992,1454,74,12,31
132,1993,1560,73,17,36
132,1994,1409,86,11,28
132,1880,1806,104,30,47
133,1775,1424,130,33,66
133,1833,702,544,106,155
133,1845,1727,69,13,25
133,1895,1504,138,29,56
133,1896,1576,87,26,43
133,1897,1628,88,24,45
133,1971,877,325,58,143
133,1992,1454,74,12,31
133,1993,1561,73,17,36
133,1994,1409,86,11,28
133,1880,1805,104,30,47
134,1775,1425,130,33,66
134,1833,697,548,106,155
134,1845,1724,69,13,25
134,1895,1504,137,29,56
134,1896,1577,87,26,43
134,1897,1626,88,24,45
134,1971,873,325,58,143
134,1992,1454,74,12,31
134,1993,1562,72,17,36
134,1994,1409,86,11,28
134,1880,1805,94,30,47
135,1775,1425,130,33,66
135,1833,693,546,106,155
135,1845,1721,69,13,25
135,1895,1503,138,29,56
135,1896,1578,87,26,43
135,1897,1626,88,24,45
135,1971,879,329,58,143
135,1992,1454,74,12,31
135,1993,1562,72,17,36
135,1994,1409,86,11,28
135,1880,1802,105,30,47
136,1775,1424,130,33,66
136,1833,699,568,106,155
136,1845,1721,69,13,25
136,1895,1503,137,29,56
136,1896,1579,87,26,43
136,1897,1627,88,24,45
136,1971,877,329,58,143
136,1992,1454,74,12,31
136,1993,1562,72,17,36
136,1994,1409,86,11,28
136,1880,1802,97,30,47
137,1775,1425,129,33,66
137,1833,696,566,106,155
137,1845,1721,69,13,25
137,1895,1503,137,29,56
137,1896,1580,88,26,43
137,1897,1625,88,24,45
137,1971,878,385,58,143
137,1992,1454,74,12,31
137,1993,1563,72,17,36
137,1994,1409,86,11,28
137,1880,1801,95,30,47
138,1775,1424,130,33,66
138,1833,693,566,106,155
138,1845,1721,69,13,25
138,1895,1502,137,29,56
138,1896,1581,87,26,43
138,1897,1627,88,24,45
138,1971,879,375,58,143
138,1992,1454,74,12,31
138,1993,1563,72,17,36
138,1994,1409,86,11,28
138,1880,1800,94,30,47
139,1775,1425,129,33,66
139,1833,691,566,106,155
139,1845,1720,69,13,25
139,1895,1502,137,29,56
139,1896,1582,87,26,43
139,1897,1628,88,24,45
139,1971,877,376,58,143
139,1992,1454,74,12,31
139,1993,1563,72,17,36
139,1994,1409,86,11,28
139,1880,1799,93,30,47
140,1775,1425,129,33,66
140,1833,688,564,106,155
140,1845,1720,69,13,25
140,1895,1501,138,29,56
140,1896,1584,87,26,43
140,1897,1627,88,24,45
140,1971,875,376,58,143
140,1992,1454,74,12,31
140,1993,1564,71,17,36
140,1994,1409,86,11,28
140,1880,1798,93,30,47
141,1775,1425,130,33,66
141,1833,685,566,106,155
141,1845,1720,69,13,25
141,1895,1501,137,29,56
141,1896,1584,87,26,43
141,1897,1626,88,24,45
141,1971,872,374,58,143
141,1992,1454,74,12,31
141,1993,1565,71,17,36
141,1994,1409,86,11,28
141,1880,1797,93,30,47
142,1775,1425,129,33,66
142,1833,682,568,106,155
142,1845,1714,69,13,25
142,1895,1501,136,29,56
142,1896,1584,84,26,43
142,1897,1626,88,24,45
142,1971,870,373,58,143
142,1992,1454,74,12,31
142,1993,1565,72,17,36
142,1994,1409,86,11,28
142,1880,1795,93,30,47
143,1775,1425,129,33,66
143,1833,680,570,106,155
143,1845,1713,73,13,25
143,1895,1500,138,29,56
143,1896,1585,83,26,43
143,1897,1625,88,24,45
143,1971,866,369,58,143
143,1992,1454,74,12,31
143,1993,1566,72,17,36
143,1994,1409,86,11,28
143,1880,1794,92,30,47
144,1775,1425,129,33,66
144,1833,678,570,106,155
144,1845,1713,72,13,25
144,1895,1500,137,29,56
144,1896,1587,84,26,43
144,1897,1625,88,24,45
144,1971,863,373,58,143
144,1992,1454,74,12,31
144,1993,1566,72,17,36
144,1994,1409,86,11,28
144,1880,1793,93,30,47
145,1775,1425,129,33,66
145,1833,675,572,106,155
145,1845,1713,72,13,25
145,1895,1500,137,29,56
145,1896,1588,84,26,43
145,1897,1625,88,24,45
145,1971,860,376,58,143
145,1992,1454,74,12,31
145,1993,1567,72,17,36
145,1994,1409,86,11,28
145,1880,1791,93,30,47
146,1775,1425,129,33,66
146,1833,673,576,106,155
146,1845,1712,72,13,25
146,1895,1499,138,29,56
146,1896,1589,84,26,43
146,1897,1625,88,24,45
146,1971,857,367,58,143
146,1992,1454,74,12,31
146,1993,1567,72,17,36
146,1994,1409,86,11,28
146,1880,1789,94,30,47
147,1775,1425,129,33,66
147,1833,670,578,106,155
147,1845,1713,72,13,25
147,1895,1498,138,29,56
147,1896,1590,85,26,43
147,1897,1625,88,24,45
147,1971,855,356,58,143
147,1992,1454,74,12,31
147,1993,1567,72,17,36
147,1994,1409,86,11,28
147,1880,1788,95,30,47
148,1775,1425,129,33,66
148,1833,667,584,106,155
148,1845,1713,72,13,25
148,1895,1498,137,29,56
148,1896,1592,85,26,43
148,1897,1625,88,24,45
148,1971,853,356,58,143
148,1992,1454,74,12,31
148,1993,1568,72,17,36
148,1994,1409,86,11,28
148,1880,1787,95,30,47
149,1775,1425,129,33,66
149,1833,664,588,106,155
149,1845,1713,72,13,25
149,1895,1498,137,29,56
149,1896,1593,86,26,43
149,1897,1626,88,24,45
149,1971,851,357,58,143
149,1992,1454,74,12,31
149,1993,1568,72,17,36
149,1994,1409,86,11,28
149,1880,1785,101,30,47
150,1775,1425,129,33,66
150,1833,661,592,106,155
150,1845,1713,72,13,25
150,1895,1497,138,29,56
150,1896,1594,87,26,43
150,1897,1625,88,24,45
150,1971,849,357,58,143
150,1992,1454,74,12,31
150,1993,1568,72,17,36
150,1994,1409,86,11,28
150,1880,1784,103,30,47
151,1775,1425,129,33,66
151,1833,658,594,106,155
151,1845,1713,72,13,25
151,1895,1497,137,29,56
151,1896,1596,87,26,43
151,1897,1626,88,24,45
151,1971,847,362,58,143
151,1992,1454,74,12,31
151,1993,1569,72,17,36
151,1994,1409,86,11,28
151,1880,1783,94,30,47
152,1775,1425,129,33,66
152,1833,656,598,106,155
152,1845,1712,73,13,25
152,1895,1496,138,29,56
152,1896,1597,87,26,43
152,1897,1626,88,24,45
152,1971,846,363,58,143
152,1992,1454,74,12,31
152,1993,1570,72,17,36
152,1994,1409,86,11,28
152,1880,1782,93,30,47
153,1775,1425,129,33,66
153,1833,653,602,106,155
153,1845,1712,73,13,25
153,1895,1496,138,29,56
153,1896,1598,87,26,43
153,1897,1626,88,24,45
153,1971,839,347,58,143
153,1992,1454,74,12,31
153,1993,1570,72,17,36
153,1994,1409,86,11,28
153,1880,1780,95,30,47
154,1775,1425,129,33,66
154,1833,650,606,106,155
154,1845,1713,73,13,25
154,1895,1496,137,29,56
154,1896,1599,88,26,43
154,1897,1625,88,24,45
154,1971,837,351,58,143
154,1992,1454,74,12,31
154,1993,1571,72,17,36
154,1994,1409,86,11,28
154,1880,1779,93,30,47
155,1775,1426,128,33,66
155,1833,648,610,106,155
155,1845,1713,73,13,25
155,1895,1496,137,29,56
155,1896,1600,88,26,43
155,1897,1625,88,24,45
155,1971,837,347,58,143
155,1992,1454,74,12,31
155,1993,1571,72,17,36
155,1994,1409,86,11,28
155,1880,1778,92,30,47
156,1775,1426,128,33,66
156,1833,646,612,106,155
156,1845,1713,73,13,25
156,1895,1496,137,29,56
156,1896,1601,88,26,43
156,1897,1626,88,24,45
156,1971,836,348,58,143
156,1992,1454,74,12,31
156,1993,1572,72,17,36
156,1994,1409,86,11,28
156,1880,1777,91,30,47
157,1775,1426,128,33,66
157,1833,643,614,106,155
157,1845,1713,73,13,25
157,1895,1495,139,29,56
157,1896,1602,87,26,43
157,1897,1625,88,24,45
157,1971,832,360,58,143
157,1992,1454,74,12,31
157,1993,1573,73,17,36
157,1994,1409,86,11,28
157,1880,1776,90,30,47
158,1775,1426,129,33,66
158,1833,640,616,106,155
158,1845,1713,73,13,25
158,1895,1495,139,29,56
158,1896,1603,86,26,43
158,1897,1625,88,24,45
158,1971,830,363,58,143
158,1992,1454,74,12,31
158,1993,1573,73,17,36
158,1994,1409,86,11,28
158,1880,1775,90,30,47
159,1775,1426,129,33,66
159,1833,637,618,106,155
159,1845,1713,73,13,25
159,1895,1495,138,29,56
159,1896,1604,86,26,43
159,1897,1626,88,24,45
159,1971,828,364,58,143
159,1992,1454,74,12,31
159,1993,1573,73,17,36
159,1994,1409,86,11,28
159,1880,1775,88,30,47
160,1775,1426,128,33,66
160,1833,635,622,106,155
160,1845,1713,73,13,25
160,1895,1495,138,29,56
160,1896,1605,86,26,43
160,1897,1627,88,24,45
160,1971,825,365,58,143
160,1992,1454,74,12,31
160,1993,1574,73,17,36
160,1994,1409,86,11,28
160,1880,1774,88,30,47
161,1775,1426,128,33,66
161,1833,621,594,106,155
161,1845,1713,73,13,25
161,1895,1495,138,29,56
161,1896,1606,86,26,43
161,1897,1627,88,24,45
161,1971,823,358,58,143
161,1992,1454,74,12,31
161,1993,1575,73,17,36
161,1994,1409,86,11,28
161,1880,1773,89,30,47
162,1775,1426,128,33,66
162,1833,619,600,106,155
162,1845,1713,73,13,25
162,1895,1494,140,29,56
162,1896,1608,86,26,43
162,1897,1628,88,24,45
162,1971,819,364,58,143
162,1992,1454,74,12,31
162,1993,1575,74,17,36
162,1994,1409,86,11,28
162,1880,1771,89,30,47
163,1775,1426,128,33,66
163,1833,616,602,106,155
163,1845,1713,73,13,25
163,1895,1494,139,29,56
163,1896,1609,86,26,43
163,1897,1628,88,24,45
163,1971,815,363,58,143
163,1992,1454,74,12,31
163,1993,1576,73,17,36
163,1994,1409,86,11,28
163,1880,1770,89,30,47
164,1775,1426,128,33,66
164,1833,614,606,106,155
164,1845,1713,73,13,25
164,1895,1494,139,29,56
164,1896,1610,87,26,43
164,1897,1627,88,24,45
164,1971,813,364,58,143
164,1992,1454,74,12,31
164,1993,1577,73,17,36
164,1994,1409,86,11,28
164,1880,1768,90,30,47
165,1775,1426,128,33,66
165,1833,613,620,106,155
165,1845,1713,73,13,25
165,1895,1494,139,29,56
165,1896,1611,87,26,43
165,1897,1628,88,24,45
165,1971,809,355,58,143
165,1992,1454,74,12,31
165,1993,1577,73,17,36
165,1994,1409,86,11,28
165,1880,1766,90,30,47
166,1775,1426,128,33,66
166,1833,610,622,106,155
166,1845,1713,73,13,25
166,1895,1493,140,29,56
166,1896,1613,84,26,43
166,1897,1628,88,24,45
166,1971,810,366,58,143
166,1992,1454,74,12,31
166,1993,1578,73,17,36
166,1994,1409,86,11,28
166,1880,1764,93,30,47
167,1775,1426,128,33,66
167,1833,607,628,106,155
167,1845,1712,70,13,25
167,1895,1493,140,29,56
167,1896,1615,84,26,43
167,1897,1628,88,24,45
167,1971,808,365,58,143
167,1992,1454,74,12,31
167,1993,1579,73,17,36
167,1994,1409,86,11,28
167,1880,1764,93,30,47
168,1775,1426,128,33,66
168,1833,602,630,106,155
168,1845,1713,70,13,25
168,1895,1493,139,29,56
168,1896,1616,84,26,43
168,1897,1628,88,24,45
168,1971,807,364,58,143
168,1992,1454,74,12,31
168,1993,1579,72,17,36
168,1994,1409,86,11,28
168,1880,1762,98,30,47
169,1775,1426,128,33,66
169,1833,598,632,106,155
169,1845,1713,70,13,25
169,1895,1493,139,29,56
169,1896,1617,84,26,43
169,1897,1628,88,24,45
169,1971,805,365,58,143
169,1992,1454,74,12,31
169,1993,1580,72,17,36
169,1994,1409,86,11,28
169,1880,1761,101,30,47
170,1775,1426,128,33,66
170,1833,593,636,106,155
170,1845,1713,70,13,25
170,1895,1493,139,29,56
170,1896,1616,95,26,43
170,1897,1628,88,24,45
170,1971,803,366,58,143
170,1992,1454,74,12,31
170,1993,1580,73,17,36
170,1994,1409,86,11,28
170,1880,1760,93,30,47
171,1775,1426,127,33,66
171,1833,588,636,106,155
171,1845,1713,70,13,25
171,1895,1492,140,29,56
171,1896,1618,93,26,43
171,1897,1627,88,24,45
171,1971,800,366,58,143
171,1992,1454,74,12,31
171,1993,1578,79,17,36
171,1994,1409,86,11,28
171,1880,1757,101,30,47
172,1775,1426,127,33,66
172,1833,583,640,106,155
172,1845,1713,70,13,25
172,1895,1492,140,29,56
172,1896,1619,93,26,43
172,1897,1628,88,24,45
172,1971,804,418,58,143
172,1992,1454,74,12,31
172,1993,1580,73,17,36
172,1994,1409,86,11,28
172,1880,1758,92,30,47
173,1775,1426,127,33,66
173,1833,578,642,106,155
173,1845,1713,70,13,25
173,1895,1492,138,29,56
173,1896,1620,94,26,43
173,1897,1633,88,24,45
173,1971,801,417,58,143
173,1992,1454,74,12,31
173,1993,1581,73,17,36
173,1994,1409,86,11,28
173,1880,1757,91,30,47
174,1775,1427,126,33,66
174,1833,569,638,106,155
174,1845,1713,70,13,25
174,1895,1492,139,29,56
174,1896,1622,92,26,43
174,1897,1633,88,24,45
174,1971,795,376,58,143
174,1992,1454,74,12,31
174,1993,1582,73,17,36
174,1994,1409,86,11,28
174,1880,1756,91,30,47
175,1775,1426,127,33,66
175,1833,565,640,106,155
175,1845,1713,70,13,25
175,1895,1491,140,29,56
175,1896,1625,85,26,43
175,1897,1632,88,24,45
175,1971,792,378,58,143
175,1992,1454,74,12,31
175,1993,1582,74,17,36
175,1994,1409,86,11,28
175,1880,1755,90,30,47
176,1775,1426,127,33,66
176,1833,559,640,106,155
176,1845,1713,70,13,25
176,1895,1491,140,29,56
176,1896,1626,85,26,43
176,1897,1635,89,24,45
176,1971,787,378,58,143
176,1992,1454,74,12,31
176,1993,1582,74,17,36
176,1994,1409,86,11,28
176,1880,1754,90,30,47
177,1775,1427,127,33,66
177,1833,568,698,106,155
177,1845,1713,70,13,25
177,1895,1490,141,29,56
177,1896,1626,84,26,43
177,1897,1629,90,24,45
177,1971,785,418,58,143
177,1992,1454,74,12,31
177,1993,1583,74,17,36
177,1994,1409,86,11,28
177,1880,1753,89,30,47
178,1775,1427,126,33,66
178,1833,563,668,106,155
178,1845,1713,70,13,25
178,1895,1490,140,29,56
178,1896,1627,84,26,43
178,1897,1624,88,24,45
178,1971,783,425,58,143
178,1992,1454,74,12,31
178,1993,1584,74,17,36
178,1994,1409,86,11,28
178,1880,1752,89,30,47
179,1775,1427,126,33,66
179,1833,559,670,106,155
179,1845,1713,70,13,25
179,1895,1490,139,29,56
179,1896,1627,84,26,43
179,1897,1625,90,24,45
179,1971,779,382,58,143
179,1992,1454,74,12,31
179,1993,1584,74,17,36
179,1994,1409,86,11,28
179,1880,1751,89,30,47
180,1775,1427,127,33,66
180,1833,556,672,106,155
180,1845,1713,70,13,25
180,1895,1490,139,29,56
180,1896,1628,84,26,43
180,1897,1625,88,24,45
180,1971,777,380,58,143
180,1992,1454,74,12,31
180,1993,1584,74,17,36
180,1994,1409,86,11,28
180,1880,1749,90,30,47
181,1775,1427,126,33,66
181,1833,552,672,106,155
181,1845,1713,70,13,25
181,1895,1489,140,29,56
181,1896,1629,85,26,43
181,1897,1626,89,24,45
181,1971,774,380,58,143
181,1992,1454,74,12,31
181,1993,1585,74,17,36
181,1994,1409,86,11,28
181,1880,1748,89,30,47
182,1775,1427,127,33,66
182,1833,548,674,106,155
182,1845,1713,70,13,25
182,1895,1489,139,29,56
182,1896,1629,84,26,43
182,1897,1630,89,24,45
182,1971,772,385,58,143
182,1992,1454,74,12,31
182,1993,1586,73,17,36
182,1994,1409,86,11,28
182,1880,1746,90,30,47
183,1775,1427,126,33,66
183,1833,544,676,106,155
183,1845,1713,70,13,25
183,1895,1489,139,29,56
183,1896,1634,87,26,43
183,1897,1630,89,24,45
183,1971,769,385,58,143
183,1992,1454,74,12,31
183,1993,1586,74,17,36
183,1994,1409,86,11,28
183,1880,1745,91,30,47
184,1775,1427,127,33,66
184,1833,540,676,106,155
184,1845,1713,70,13,25
184,1895,1488,140,29,56
184,1896,1636,87,26,43
184,1897,1622,90,24,45
184,1971,761,380,58,143
184,1992,1454,74,12,31
184,1993,1587,73,17,36
184,1994,1409,86,11,28
184,1880,1744,90,30,47
185,1775,1427,127,33,66
185,1833,536,680,106,155
185,1845,1713,70,13,25
185,1895,1488,140,29,56
185,1896,1629,93,26,43
185,1897,1613,87,24,45
185,1971,758,380,58,143
185,1992,1454,74,12,31
185,1993,1587,73,17,36
185,1994,1409,86,11,28
185,1880,1742,93,30,47
186,1775,1426,127,33,66
186,1833,530,684,106,155
186,1845,1713,70,13,25
186,1895,1488,139,29,56
186,1896,1629,95,26,43
186,1897,1619,88,24,45
186,1971,757,382,58,143
186,1992,1454,74,12,31
186,1993,1588,74,17,36
186,1994,1409,86,11,28
186,1880,1740,99,30,47
187,1775,1426,127,33,66
187,1833,526,688,106,155
187,1845,1713,70,13,25
187,1895,1487,140,29,56
187,1896,1631,96,26,43
187,1897,1623,88,24,45
187,1971,755,384,58,143
187,1992,1454,74,12,31
187,1993,1589,74,17,36
187,1994,1409,86,11,28
187,1880,1739,95,30,47
188,1775,1426,127,33,66
188,1833,521,692,106,155
188,1845,1713,70,13,25
188,1895,1487,138,29,56
188,1896,1629,96,26,43
188,1897,1624,88,24,45
188,1971,753,386,58,143
188,1992,1454,74,12,31
188,1993,1589,74,17,36
188,1994,1409,86,11,28
188,1880,1739,91,30,47
189,1775,1426,127,33,66
189,1833,518,696,106,155
189,1845,1713,70,13,25
189,1895,1487,138,29,56
189,1896,1629,96,26,43
189,1897,1624,88,24,45
189,1971,752,392,58,143
189,1992,1454,74,12,31
189,1993,1589,76,17,36
189,1994,1409,86,11,28
189,1880,1738,91,30,47
190,1775,1426,127,33,66
190,1833,513,700,106,155
190,1845,1713,70,13,25
190,1895,1486,140,29,56
190,1896,1629,96,26,43
190,1897,1624,88,24,45
190,1971,749,393,58,143
190,1992,1454,74,12,31
190,1993,1588,82,17,36
190,1994,1409,86,11,28
190,1880,1736,92,30,47
191,1775,1426,127,33,66
191,1833,508,704,106,155
191,1845,1713,70,13,25
191,1895,1486,140,29,56
191,1896,1629,96,26,43
191,1897,1624,88,24,45
191,1971,746,398,58,143
191,1992,1454,74,12,31
191,1993,1590,76,17,36
191,1994,1409,86,11,28
191,1880,1736,90,30,47
192,1775,1426,127,33,66
192,1833,504,710,106,155
192,1845,1713,70,13,25
192,1895,1486,139,29,56
192,1896,1629,96,26,43
192,1897,1624,88,24,45
192,1971,743,400,58,143
192,1992,1454,74,12,31
192,1993,1590,76,17,36
192,1994,1409,86,11,28
192,1880,1724,94,30,47
193,1775,1426,127,33,66
193,1833,499,716,106,155
193,1845,1713,70,13,25
193,1895,1486,139,29,56
193,1896,1629,96,26,43
193,1897,1625,88,24,45
193,1971,740,401,58,143
193,1992,1454,74,12,31
193,1993,1591,75,17,36
193,1994,1409,86,11,28
193,1880,1721,102,30,47
194,1775,1426,126,33,66
194,1833,496,722,106,155
194,1845,1713,70,13,25
194,1895,1486,139,29,56
194,1896,1629,96,26,43
194,1897,1625,88,24,45
194,1971,737,403,58,143
194,1992,1454,74,12,31
194,1993,1591,75,17,36
194,1994,1409,86,11,28
194,1880,1724,94,30,47
195,1775,1426,127,33,66
195,1833,493,728,106,155
195,1845,1713,70,13,25
195,1895,1485,141,29,56
195,1896,1629,96,26,43
195,1897,1625,88,24,45
195,1971,733,405,58,143
195,1992,1454,74,12,31
195,1993,1591,76,17,36
195,1994,1409,86,11,28
195,1880,1728,88,30,47
196,1775,1426,126,33,66
196,1833,471,676,106,155
196,1845,1713,70,13,25
196,1895,1485,141,29,56
196,1896,1629,96,26,43
196,1897,1625,88,24,45
196,1971,729,405,58,143
196,1992,1454,74,12,31
196,1993,1592,75,17,36
196,1994,1409,86,11,28
196,1880,1728,91,30,47
197,1775,1426,126,33,66
197,1833,470,676,106,155
197,1845,1713,70,13,25
197,1895,1485,141,29,56
197,1896,1629,96,26,43
197,1897,1625,88,24,45
197,1971,726,408,58,143
197,1992,1454,74,12,31
197,1993,1591,75,17,36
197,1994,1409,86,11,28
197,1880,1728,89,30,47
198,1775,1426,126,33,66
198,1833,465,676,106,155
198,1845,1713,70,13,25
198,1895,1485,141,29,56
198,1896,1629,96,26,43
198,1897,1625,88,24,45
198,1971,722,407,58,143
198,1992,1454,74,12,31
198,1993,1592,74,17,36
198,1994,1409,86,11,28
198,1880,1729,90,30,47
199,1775,1426,126,33,66
199,1833,462,680,106,155
199,1845,1713,70,13,25
199,1895,1485,140,29,56
199,1896,1629,96,26,43
199,1897,1625,88,24,45
199,1971,718,408,58,143
199,1992,1454,74,12,31
199,1993,1591,76,17,36
199,1994,1409,86,11,28
199,1880,1730,89,30,47
200,1775,1426,126,33,66
200,1833,462,718,106,155
200,1845,1713,70,13,25
200,1895,1484,143,29,56
200,1896,1629,96,26,43
200,1897,1625,88,24,45
200,1971,715,408,58,143
200,1992,1454,74,12,31
200,1993,1592,74,17,36
200,1994,1409,86,11,28
200,1880,1732,92,30,47
201,1775,1426,127,33,66
201,1833,460,722,106,155
201,1845,1713,70,13,25
201,1895,1484,142,29,56
201,1896,1629,96,26,43
201,1897,1625,88,24,45
201,1971,709,405,58,143
201,1992,1454,74,12,31
201,1993,1592,75,17,36
201,1994,1409,86,11,28
201,1880,1736,101,30,47
202,1775,1426,127,33,66
202,1833,457,726,106,155
202,1845,1713,70,13,25
202,1895,1484,142,29,56
202,1896,1629,96,26,43
202,1897,1625,88,24,45
202,1971,705,406,58,143
202,1992,1454,74,12,31
202,1993,1592,74,17,36
202,1994,1409,86,11,28
202,1880,1736,88,30,47
203,1775,1426,125,33,66
203,1833,453,730,106,155
203,1845,1713,70,13,25
203,1895,1484,142,29,56
203,1896,1629,96,26,43
203,1897,1625,88,24,45
203,1971,701,406,58,143
203,1992,1454,74,12,31
203,1993,1591,75,17,36
203,1994,1409,86,11,28
203,1880,1736,89,30,47
204,1775,1426,127,33,66
204,1833,448,732,106,155
204,1845,1713,70,13,25
204,1895,1484,142,29,56
204,1896,1629,96,26,43
204,1897,1625,88,24,45
204,1971,704,418,58,143
204,1992,1454,74,12,31
204,1993,1591,75,17,36
204,1994,1409,86,11,28
204,1880,1737,91,30,47
205,1775,1426,127,33,66
205,1833,442,738,106,155
205,1845,1713,70,13,25
205,1895,1484,142,29,56
205,1896,1629,96,26,43
205,1897,1625,88,24,45
205,1971,701,415,58,143
205,1992,1454,74,12,31
205,1993,1591,76,17,36
205,1994,1409,86,11,28
205,1880,1738,91,30,47
206,1775,1427,126,33,66
206,1833,437,742,106,155
206,1845,1713,70,13,25
206,1895,1484,142,29,56
206,1896,1628,97,26,43
206,1897,1625,88,24,45
206,1971,698,420,58,143
206,1992,1454,74,12,31
206,1993,1591,76,17,36
206,1994,1409,86,11,28
206,1880,1739,92,30,47
207,1775,1427,125,33,66
207,1833,430,746,106,155
207,1845,1713,70,13,25
207,1895,1484,141,29,56
207,1896,1628,97,26,43
207,1897,1625,88,24,45
207,1971,695,419,58,143
207,1992,1454,74,12,31
207,1993,1591,76,17,36
207,1994,1409,86,11,28
207,1880,1739,94,30,47
208,1775,1427,125,33,66
208,1833,424,752,106,155
208,1845,1713,70,13,25
208,1895,1484,141,29,56
208,1896,1628,97,26,43
208,1897,1625,88,24,45
208,1971,691,428,58,143
208,1992,1454,74,12,31
208,1993,1591,76,17,36
208,1994,1409,86,11,28
208,1880,1741,93,30,47
209,1775,1427,125,33,66
209,1833,417,760,106,155
209,1845,1713,70,13,25
209,1895,1484,141,29,56
209,1896,1628,97,26,43
209,1897,1625,88,24,45
209,1971,688,428,58,143
209,1992,1454,74,12,31
209,1993,1590,76,17,36
209,1994,1409,86,11,28
209,1880,1740,98,30,47
210,1775,1427,125,33,66
210,1833,409,760,106,155
210,1845,1713,70,13,25
210,1895,1483,142,29,56
210,1896,1628,97,26,43
210,1897,1625,88,24,45
210,1971,684,428,58,143
210,1992,1454,74,12,31
210,1993,1590,76,17,36
210,1994,1409,86,11,28
210,1880,1744,90,30,47
211,1775,1427,125,33,66
211,1833,402,764,106,155
211,1845,1713,70,13,25
211,1895,1483,143,29,56
211,1896,1628,97,26,43
211,1897,1625,88,24,45
211,1971,681,428,58,143
211,1992,1454,74,12,31
211,1993,1590,76,17,36
211,1994,1409,86,11,28
211,1880,1745,91,30,47
212,1775,1427,125,33,66
212,1833,395,768,106,155
212,1845,1713,70,13,25
212,1895,1482,144,29,56
212,1896,1628,97,26,43
212,1897,1625,88,24,45
212,1971,677,435,58,143
212,1992,1454,74,12,31
212,1993,1590,76,17,36
212,1994,1409,86,11,28
212,1880,1746,91,30,47
213,1775,1427,125,33,66
213,1833,387,770,106,155
213,1845,1713,70,13,25
213,1895,1482,144,29,56
213,1896,1628,97,26,43
213,1897,1625,88,24,45
213,1971,674,437,58,143
213,1992,1454,74,12,31
213,1993,1589,75,17,36
213,1994,1409,86,11,28
213,1880,1747,91,30,47
214,1775,1427,126,33,66
214,1833,380,772,106,155
214,1845,1713,70,13,25
214,1895,1482,143,29,56
214,1896,1628,97,26,43
214,1897,1625,88,24,45
214,1971,671,438,58,143
214,1992,1454,74,12,31
214,1993,1589,76,17,36
214,1994,1409,86,11,28
214,1880,1748,91,30,47
215,1775,1427,126,33,66
215,1833,373,782,106,155
215,1845,1713,70,13,25
215,1895,1482,143,29,56
215,1896,1628,96,26,43
215,1897,1625,88,24,45
215,1971,667,440,58,143
215,1992,1454,74,12,31
215,1993,1589,75,17,36
215,1994,1409,86,11,28
215,1880,1750,90,30,47
216,1775,1428,123,33,66
216,1833,362,768,106,155
216,1845,1713,70,13,25
216,1895,1481,144,29,56
216,1896,1628,96,26,43
216,1897,1625,88,24,45
216,1971,656,436,58,143
216,1992,1454,74,12,31
216,1993,1589,75,17,36
216,1994,1409,86,11,28
216,1880,1751,90,30,47
217,1775,1428,124,33,66
217,1833,355,760,106,155
217,1845,1713,70,13,25
217,1895,1481,144,29,56
217,1896,1628,96,26,43
217,1897,1625,88,24,45
217,1971,653,436,58,143
217,1992,1454,74,12,31
217,1993,1589,75,17,36
217,1994,1409,86,11,28
217,1880,1752,89,30,47
218,1775,1427,125,33,66
218,1833,365,822,106,155
218,1845,1714,70,13,25
218,1895,1481,142,29,56
218,1896,1628,96,26,43
218,1897,1625,88,24,45
218,1971,650,435,58,143
218,1992,1454,74,12,31
218,1993,1588,76,17,36
218,1994,1409,86,11,28
218,1880,1754,89,30,47
219,1775,1428,123,33,66
219,1833,359,824,106,155
219,1845,1713,70,13,25
219,1895,1481,142,29,56
219,1896,1628,96,26,43
219,1897,1625,88,24,45
219,1971,648,437,58,143
219,1992,1454,74,12,31
219,1993,1588,76,17,36
219,1994,1409,86,11,28
219,1880,1755,89,30,47
220,1775,1428,123,33,66
220,1833,352,824,106,155
220,1845,1714,70,13,25
220,1895,1480,143,29,56
220,1896,1628,96,26,43
220,1897,1625,88,24,45
220,1971,648,444,58,143
220,1992,1454,74,12,31
220,1993,1588,77,17,36
220,1994,1409,86,11,28
220,1880,1756,90,30,47
221,1775,1428,123,33,66
221,1833,346,828,106,155
221,1845,1712,71,13,25
221,1895,1480,143,29,56
221,1896,1628,96,26,43
221,1897,1625,88,24,45
221,1971,645,447,58,143
221,1992,1454,74,12,31
221,1993,1588,76,17,36
221,1994,1409,86,11,28
221,1880,1757,91,30,47
222,1775,1428,123,33,66
222,1833,341,834,106,155
222,1845,1713,70,13,25
222,1895,1480,142,29,56
222,1896,1628,96,26,43
222,1897,1625,88,24,45
222,1971,643,450,58,143
222,1992,1454,74,12,31
222,1993,1588,76,17,36
222,1994,1409,86,11,28
222,1880,1759,91,30,47
223,1775,1428,123,33,66
223,1833,331,828,106,155
223,1845,1711,70,13,25
223,1895,1479,143,29,56
223,1896,1628,96,26,43
223,1897,1625,88,24,45
223,1971,639,453,58,143
223,1992,1454,74,12,31
223,1993,1588,77,17,36
223,1994,1409,86,11,28
223,1880,1759,92,30,47
224,1775,1428,123,33,66
224,1833,324,832,106,155
224,1845,1712,70,13,25
224,1895,1479,142,29,56
224,1896,1628,96,26,43
224,1897,1625,88,24,45
224,1971,636,456,58,143
224,1992,1454,74,12,31
224,1993,1588,77,17,36
224,1994,1409,86,11,28
224,1880,1761,92,30,47
225,1775,1428,123,33,66
225,1833,317,836,106,155
225,1845,1713,70,13,25
225,1895,1479,142,29,56
225,1896,1628,96,26,43
225,1897,1625,88,24,45
225,1971,631,459,58,143
225,1992,1455,81,12,31
225,1993,1588,77,17,36
225,1994,1409,86,11,28
225,1880,1762,93,30,47
226,1775,1428,123,33,66
226,1833,311,842,106,155
226,1845,1712,70,13,25
226,1895,1479,140,29,56
226,1896,1628,96,26,43
226,1897,1625,88,24,45
226,1971,627,463,58,143
226,1992,1455,81,12,31
226,1993,1588,77,17,36
226,1994,1409,86,11,28
226,1880,1761,99,30,47
227,1775,1428,123,33,66
227,1833,304,848,106,155
227,1845,1713,70,13,25
227,1895,1478,142,29,56
227,1896,1628,96,26,43
227,1897,1625,88,24,45
227,1971,623,465,58,143
227,1992,1455,82,12,31
227,1993,1588,77,17,36
227,1994,1409,86,11,28
227,1880,1765,92,30,47
228,1775,1428,123,33,66
228,1833,296,856,106,155
228,1845,1713,70,13,25
228,1895,1478,141,29,56
228,1896,1628,96,26,43
228,1897,1625,88,24,45
228,1971,619,466,58,143
228,1992,1455,82,12,31
228,1993,1588,76,17,36
228,1994,1409,86,11,28
228,1880,1766,92,30,47
229,1775,1428,125,33,66
229,1833,288,862,106,155
229,1845,1713,70,13,25
229,1895,1477,143,29,56
229,1896,1628,96,26,43
229,1897,1625,88,24,45
229,1971,613,467,58,143
229,1992,1455,82,12,31
229,1993,1588,76,17,36
229,1994,1409,86,11,28
229,1880,1764,100,30,47
230,1775,1428,125,33,66
230,1833,281,874,106,155
230,1845,1713,70,13,25
230,1895,1477,142,29,56
230,1896,1628,96,26,43
230,1897,1625,88,24,45
230,1971,609,468,58,143
230,1992,1455,82,12,31
230,1993,1587,76,17,36
230,1994,1409,86,11,28
230,1880,1767,96,30,47
231,1775,1428,123,33,66
231,1833,275,886,106,155
231,1845,1713,70,13,25
231,1895,1477,142,29,56
231,1896,1628,96,26,43
231,1897,1625,88,24,45
231,1971,605,469,58,143
231,1992,1455,80,12,31
231,1993,1587,76,17,36
231,1994,1409,86,11,28
231,1880,1769,94,30,47
232,1775,1428,123,33,66
232,1833,268,894,106,155
232,1845,1712,70,13,25
232,1895,1476,144,29,56
232,1896,1628,96,26,43
232,1897,1625,88,24,45
232,1971,601,470,58,143
232,1992,1455,83,12,31
232,1993,1587,76,17,36
232,1994,1409,86,11,28
232,1880,1771,92,30,47
233,1775,1428,125,33,66
233,1833,262,904,106,155
233,1845,1711,70,13,25
233,1895,1476,143,29,56
233,1896,1627,97,26,43
233,1897,1625,88,24,45
233,1971,596,473,58,143
233,1992,1455,83,12,31
233,1993,1587,76,17,36
233,1994,1409,86,11,28
233,1880,1773,90,30,47
234,1775,1428,125,33,66
234,1833,256,912,106,155
234,1845,1712,70,13,25
234,1895,1476,144,29,56
234,1896,1627,97,26,43
234,1897,1625,88,24,45
234,1971,592,475,58,143
234,1992,1455,83,12,31
234,1993,1587,76,17,36
234,1994,1409,86,11,28
234,1880,1774,89,30,47
235,1775,1428,124,33,66
235,1833,252,926,106,155
235,1845,1712,70,13,25
235,1895,1476,143,29,56
235,1896,1627,97,26,43
235,1897,1625,88,24,45
235,1971,586,477,58,143
235,1992,1455,83,12,31
235,1993,1587,76,17,36
235,1994,1409,86,11,28
235,1880,1776,90,30,47
236,1775,1428,124,33,66
236,1833,246,926,106,155
236,1845,1712,70,13,25
236,1895,1476,143,29,56
236,1896,1627,97,26,43
236,1897,1625,88,24,45
236,1971,580,480,58,143
236,1992,1455,83,12,31
236,1993,1586,77,17,36
236,1994,1409,86,11,28
236,1880,1777,90,30,47
237,1775,1428,124,33,66
237,1833,203,864,106,155
237,1845,1712,70,13,25
237,1895,1476,143,29,56
237,1896,1627,97,26,43
237,1897,1625,88,24,45
237,1971,575,482,58,143
237,1992,1455,79,12,31
237,1993,1586,77,17,36
237,1994,1409,86,11,28
237,1880,1778,90,30,47
238,1775,1428,124,33,66
238,1833,195,870,106,155
238,1845,1713,70,13,25
238,1895,1475,144,29,56
238,1896,1627,97,26,43
238,1897,1625,88,24,45
238,1971,574,487,58,143
238,1992,1455,79,12,31
238,1993,1585,78,17,36
238,1994,1409,86,11,28
238,1880,1780,90,30,47
239,1775,1428,124,33,66
239,1833,205,900,106,155
239,1845,1712,70,13,25
239,1895,1475,144,29,56
239,1896,1627,97,26,43
239,1897,1625,88,24,45
239,1971,564,497,58,143
239,1992,1455,79,12,31
239,1993,1586,77,17,36
239,1994,1409,86,11,28
239,1880,1780,92,30,47
240,1775,1428,124,33,66
240,1833,198,904,106,155
240,1845,1712,70,13,25
240,1895,1475,144,29,56
240,1896,1627,97,26,43
240,1897,1625,88,24,45
240,1971,559,500,58,143
240,1992,1455,78,12,31
240,1993,1585,78,17,36
240,1994,1409,86,11,28
240,1880,1782,93,30,47
241,1775,1428,124,33,66
241,1833,191,910,106,155
241,1845,1713,70,13,25
241,1895,1474,146,29,56
241,1896,1627,97,26,43
241,1897,1625,88,24,45
241,1971,554,504,58,143
241,1992,1456,80,12,31
241,1993,1584,78,17,36
241,1994,1409,86,11,28
241,1880,1783,93,30,47
242,1775,1428,124,33,66
242,1833,184,918,106,155
242,1845,1717,70,13,25
242,1895,1474,145,29,56
242,1896,1627,97,26,43
242,1897,1625,88,24,45
242,1971,549,508,58,143
242,1992,1456,79,12,31
242,1993,1585,77,17,36
242,1994,1409,86,11,28
242,1880,1784,94,30,47
243,1775,1429,123,33,66
243,1833,176,926,106,155
243,1845,1714,70,13,25
243,1895,1474,145,29,56
243,1896,1627,97,26,43
243,1897,1625,88,24,45
243,1971,557,557,58,143
243,1992,1456,79,12,31
243,1993,1584,77,17,36
243,1994,1409,86,11,28
243,1880,1785,95,30,47
244,1775,1429,122,33,66
244,1833,166,926,106,155
244,1845,1713,70,13,25
244,1895,1473,146,29,56
244,1896,1627,97,26,43
244,1897,1625,88,24,45
244,1971,564,608,58,143
244,1992,1456,79,12,31
244,1993,1584,77,17,36
244,1994,1409,86,11,28
244,1880,1786,96,30,47
245,1775,1429,122,33,66
245,1833,151,922,106,155
245,1845,1716,70,13,25
245,1895,1474,143,29,56
245,1896,1627,97,26,43
245,1897,1625,88,24,45
245,1971,563,629,58,143
245,1992,1456,79,12,31
245,1993,1584,77,17,36
245,1994,1409,86,11,28
245,1880,1788,93,30,47
246,1775,1429,122,33,66
246,1833,131,888,106,155
246,1845,1720,70,13,25
246,1895,1473,146,29,56
246,1896,1627,97,26,43
246,1897,1625,88,24,45
246,1971,561,655,58,143
246,1992,1456,79,12,31
246,1993,1584,77,17,36
246,1994,1409,86,11,28
246,1880,1789,94,30,47
247,1775,1429,122,33,66
247,1833,119,892,106,155
247,1845,1720,70,13,25
247,1895,1473,144,29,56
247,1896,1627,97,26,43
247,1897,1625,88,24,45
247,1971,559,664,58,143
247,1992,1456,78,12,31
247,1993,1584,77,17,36
247,1994,1409,86,11,28
247,1880,1788,99,30,47
248,1775,1429,122,33,66
248,1833,108,904,106,155
248,1845,1724,70,13,25
248,1895,1472,147,29,56
248,1896,1627,97,26,43
248,1897,1625,88,24,45
248,1971,559,664,58,143
248,1992,1456,78,12,31
248,1993,1584,77,17,36
248,1994,1409,86,11,28
248,1880,1791,95,30,47
249,1775,1429,122,33,66
249,1833,97,908,106,155
249,1845,1722,70,13,25
249,1895,1472,145,29,56
249,1896,1627,97,26,43
249,1897,1625,88,24,45
249,1971,556,667,58,143
249,1992,1456,78,12,31
249,1993,1583,78,17,36
249,1994,1409,86,11,28
249,1880,1792,94,30,47
250,1775,1429,122,33,66
250,1833,86,912,106,155
250,1845,1726,70,13,25
250,1895,1471,148,29,56
250,1896,1627,97,26,43
250,1897,1625,88,24,45
250,1971,556,670,58,143
250,1992,1456,77,12,31
250,1993,1583,77,17,36
250,1994,1409,86,11,28
250,1880,1794,93,30,47
250,1950,1889,100,30,46
251,1775,1429,122,33,66
251,1833,75,918,106,155
251,1845,1722,70,13,25
251,1895,1471,146,29,56
251,1896,1627,97,26,43
251,1897,1624,88,24,45
251,1971,543,726,58,143
251,1992,1456,76,12,31
251,1993,1582,78,17,36
251,1994,1409,86,11,28
251,1880,1796,92,30,47
251,1950,1888,100,30,46
252,1775,1429,122,33,66
252,1833,61,926,106,155
252,1845,1726,70,13,25
252,1895,1471,144,29,56
252,1896,1627,97,26,43
252,1897,1625,88,24,45
252,1971,542,726,58,143
252,1992,1456,79,12,31
252,1993,1583,78,17,36
252,1994,1409,86,11,28
252,1880,1797,91,30,47
252,1950,1887,100,30,46
253,1775,1429,122,33,66
253,1833,47,922,106,155
253,1845,1728,70,13,25
253,1895,1470,146,29,56
253,1896,1627,97,26,43
253,1897,1625,88,24,45
253,1971,518,722,58,143
253,1992,1456,78,12,31
253,1993,1583,78,17,36
253,1994,1409,86,11,28
253,1880,1798,91,30,47
253,1950,1886,100,30,46
254,1775,1429,122,33,66
254,1833,33,926,106,155
254,1845,1730,70,13,25
254,1895,1470,145,29,56
254,1896,1627,97,26,43
254,1897,1625,88,24,45
254,1971,505,731,58,143
254,1992,1456,76,12,31
254,1993,1583,78,17,36
254,1994,1409,86,11,28
254,1880,1800,91,30,47
254,1950,1884,100,30,46
255,1775,1429,123,33,66
255,1833,22,926,106,155
255,1845,1728,70,13,25
255,1895,1469,146,29,56
255,1896,1627,97,26,43
255,1897,1625,88,24,45
255,1971,488,747,58,143
255,1992,1453,80,12,31
255,1993,1583,78,17,36
255,1994,1409,86,11,28
255,1880,1801,92,30,47
255,1950,1883,100,30,46
256,1775,1429,122,33,66
256,1833,40,894,106,155
256,1845,1729,70,13,25
256,1895,1469,146,29,56
256,1896,1627,97,26,43
256,1897,1625,88,24,45
256,1971,495,689,58,143
256,1992,1457,76,12,31
256,1993,1583,78,17,36
256,1994,1409,86,11,28
256,1880,1802,92,30,47
256,1950,1883,100,30,46
257,1775,1429,122,33,66
257,1833,42,896,106,155
257,1845,1729,70,13,25
257,1895,1468,148,29,56
257,1896,1628,97,26,43
257,1897,1625,88,24,45
257,1971,486,700,58,143
257,1992,1453,80,12,31
257,1993,1583,78,17,36
257,1994,1409,86,11,28
257,1880,1803,94,30,47
257,1950,1882,100,30,46
257,1983,102,592,255,382
258,1775,1429,122,33,66
258,1833,57,878,106,155
258,1845,1723,70,13,25
258,1895,1468,146,29,56
258,1896,1627,97,26,43
258,1897,1625,88,24,45
258,1971,481,706,58,143
258,1992,1453,80,12,31
258,1993,1582,78,17,36
258,1994,1409,86,11,28
258,1880,1804,95,30,47
258,1950,1881,100,30,46
258,1983,162,551,255,382
259,1775,1429,122,33,66
259,1833,79,862,106,155
259,1845,1717,70,13,25
259,1895,1468,146,29,56
259,1896,1627,97,26,43
259,1897,1625,88,24,45
259,1971,478,709,58,143
259,1992,1453,80,12,31
259,1993,1582,77,17,36
259,1994,1409,86,11,28
259,1880,1805,96,30,47
259,1950,1879,100,30,46
259,1983,165,554,255,382
260,1775,1429,121,33,66
260,1833,97,850,106,155
260,1845,1718,70,13,25
260,1895,1467,146,29,56
260,1896,1627,97,26,43
260,1897,1624,88,24,45
260,1971,473,704,58,143
260,1992,1453,80,12,31
260,1993,1582,77,17,36
260,1994,1409,86,11,28
260,1880,1806,96,30,47
260,1950,1877,100,30,46
260,1983,162,549,255,382
261,1775,1429,121,33,66
261,1833,106,850,106,155
261,1845,1718,70,13,25
261,1895,1467,146,29,56
261,1896,1627,97,26,43
261,1897,1624,88,24,45
261,1971,467,707,58,143
261,1992,1454,80,12,31
261,1993,1581,78,17,36
261,1994,1409,86,11,28
261,1880,1807,98,30,47
261,1950,1875,100,30,46
261,1983,162,548,255,382
262,1775,1429,120,33,66
262,1833,113,848,106,155
262,1845,1718,70,13,25
262,1895,1467,145,29,56
262,1896,1628,97,26,43
262,1897,1624,88,24,45
262,1971,464,709,58,143
262,1992,1454,79,12,31
262,1993,1581,78,17,36
262,1994,1409,86,11,28
262,1880,1809,97,30,47
262,1950,1873,100,30,46
262,1983,165,547,255,382
263,1775,1429,121,33,66
263,1833,135,832,106,155
263,1845,1719,70,13,25
263,1895,1467,144,29,56
263,1896,1628,97,26,43
263,1897,1624,88,24,45
263,1971,457,714,58,143
263,1992,1454,79,12,31
263,1993,1581,78,17,36
263,1994,1409,86,11,28
263,1880,1810,95,30,47
263,1950,1871,100,30,46
263,1983,165,546,255,382
264,1775,1429,120,33,66
264,1833,153,814,106,155
264,1845,1719,70,13,25
264,1895,1466,146,29,56
264,1896,1627,97,26,43
264,1897,1625,88,24,45
264,1971,461,770,58,143
264,1992,1455,79,12,31
264,1993,1581,78,17,36
264,1994,1409,86,11,28
264,1880,1811,96,30,47
264,1950,1870,100,30,46
264,1983,165,545,255,382
265,1775,1429,120,33,66
265,1833,176,838,106,155
265,1845,1719,70,13,25
265,1895,1466,146,29,56
265,1896,1627,97,26,43
265,1897,1625,88,24,45
265,1971,459,775,58,143
265,1992,1455,79,12,31
265,1993,1581,78,17,36
265,1994,1409,86,11,28
265,1880,1811,99,30,47
265,1950,1867,100,30,46
265,1983,165,548,255,382
266,1775,1429,122,33,66
266,1833,176,832,106,155
266,1845,1719,70,13,25
266,1895,1465,146,29,56
266,1896,1627,97,26,43
266,1897,1625,88,24,45
266,1971,461,773,58,143
266,1992,1455,79,12,31
266,1993,1581,78,17,36
266,1994,1409,86,11,28
266,1880,1813,97,30,47
266,1950,1864,100,30,46
266,1983,165,547,255,382
267,1775,1429,122,33,66
267,1833,182,836,106,155
267,1845,1721,70,13,25
267,1895,1465,145,29,56
267,1896,1627,97,26,43
267,1897,1624,88,24,45
267,1971,458,776,58,143
267,1992,1455,80,12,31
267,1993,1580,79,17,36
267,1994,1409,86,11,28
267,1880,1815,94,30,47
267,1950,1863,100,30,46
267,1983,165,546,255,382
268,1775,1429,122,33,66
268,1833,183,832,106,155
268,1845,1720,70,13,25
268,1895,1465,145,29,56
268,1896,1627,97,26,43
268,1897,1624,88,24,45
268,1971,472,758,58,143
268,1992,1455,80,12,31
268,1993,1580,79,17,36
268,1994,1409,86,11,28
268,1880,1817,93,30,47
268,1950,1862,100,30,46
268,1983,165,545,255,382
269,1775,1429,121,33,66
269,1833,212,792,106,155
269,1845,1721,70,13,25
269,1895,1465,145,29,56
269,1896,1627,97,26,43
269,1897,1625,88,24,45
269,1971,461,770,58,143
269,1992,1455,81,12,31
269,1993,1580,78,17,36
269,1994,1409,86,11,28
269,1880,1818,93,30,47
269,1950,1860,100,30,46
269,1983,165,552,255,382
270,1775,1429,120,33,66
270,1833,221,780,106,155
270,1845,1721,70,13,25
270,1895,1464,146,29,56
270,1896,1627,97,26,43
270,1897,1625,88,24,45
270,1971,460,776,58,143
270,1992,1455,81,12,31
270,1993,1579,79,17,36
270,1994,1409,86,11,28
270,1880,1819,92,30,47
270,1950,1858,100,30,46
270,1983,165,547,255,382
271,1775,1429,120,33,66
271,1833,262,782,106,155
271,1845,1715,70,13,25
271,1895,1464,146,29,56
271,1896,1627,97,26,43
271,1897,1625,88,24,45
271,1971,446,742,58,143
271,1992,1455,81,12,31
271,1993,1579,78,17,36
271,1994,1409,86,11,28
271,1880,1821,93,30,47
271,1950,1857,100,30,46
271,1983,165,558,255,382
272,1775,1429,120,33,66
272,1833,271,772,106,155
272,1845,1718,70,13,25
272,1895,1464,146,29,56
272,1896,1627,97,26,43
272,1897,1625,88,24,45
272,1971,424,765,58,143
272,1992,1455,81,12,31
272,1993,1578,79,17,36
272,1994,1409,86,11,28
272,1880,1822,92,30,47
272,1950,1857,100,30,46
272,1983,168,569,255,382
273,1775,1429,120,33,66
273,1833,277,766,106,155
273,1845,1718,70,13,25
273,1895,1463,147,29,56
273,1896,1628,97,26,43
273,1897,1625,88,24,45
273,1971,419,767,58,143
273,1992,1456,81,12,31
273,1993,1578,79,17,36
273,1994,1409,86,11,28
273,1880,1824,93,30,47
273,1950,1856,100,30,46
273,1983,174,592,255,382
274,1775,1429,120,33,66
274,1833,289,764,106,155
274,1845,1716,70,13,25
274,1895,1463,147,29,56
274,1896,1628,97,26,43
274,1897,1625,88,24,45
274,1971,408,772,58,143
274,1992,1455,81,12,31
274,1993,1578,79,17,36
274,1994,1409,86,11,28
274,1880,1825,94,30,47
274,1950,1856,99,30,46
274,1983,174,591,255,382
275,1775,1429,120,33,66
275,1833,296,766,106,155
275,1845,1716,70,13,25
275,1895,1463,147,29,56
275,1896,1628,97,26,43
275,1897,1624,88,24,45
275,1971,398,779,58,143
275,1992,1455,81,12,31
275,1993,1578,78,17,36
275,1994,1409,86,11,28
275,1880,1826,95,30,47
275,1950,1855,98,30,46
275,1983,258,654,255,382
276,1775,1429,121,33,66
276,1833,285,748,106,155
276,1845,1720,70,13,25
276,1895,1463,147,29,56
276,1896,1628,97,26,43
276,1897,1624,88,24,45
276,1971,389,790,58,143
276,1992,1456,81,12,31
276,1993,1578,78,17,36
276,1994,1409,86,11,28
276,1880,1827,95,30,47
276,1950,1854,98,30,46
276,1983,252,689,255,382
277,1775,1429,121,33,66
277,1833,298,770,106,155
277,1845,1721,70,13,25
277,1895,1463,147,29,56
277,1896,1627,97,26,43
277,1897,1624,88,24,45
277,1971,384,797,58,143
277,1992,1458,79,12,31
277,1993,1578,78,17,36
277,1994,1409,86,11,28
277,1880,1828,96,30,47
277,1950,1851,109,30,46
277,1983,255,684,255,382
278,1775,1429,121,33,66
278,1833,339,780,106,155
278,1845,1721,70,13,25
278,1895,1462,148,29,56
278,1896,1627,97,26,43
278,1897,1624,88,24,45
278,1971,381,799,58,143
278,1992,1456,81,12,31
278,1993,1578,78,17,36
278,1994,1409,86,11,28
278,1880,1830,96,30,47
278,1950,1852,97,30,46
278,1983,252,687,255,382
279,1775,1429,122,33,66
279,1833,336,782,106,155
279,1845,1721,70,13,25
279,1895,1462,148,29,56
279,1896,1627,97,26,43
279,1897,1623,88,24,45
279,1971,379,798,58,143
279,1992,1456,81,12,31
279,1993,1578,78,17,36
279,1994,1409,86,11,28
279,1880,1831,97,30,47
279,1950,1851,97,30,46
279,1983,162,550,255,382
280,1775,1429,122,33,66
280,1833,339,788,106,155
280,1845,1721,70,13,25
280,1895,1462,148,29,56
280,1896,1627,97,26,43
280,1897,1623,88,24,45
280,1971,376,804,58,143
280,1992,1456,81,12,31
280,1993,1577,79,17,36
280,1994,1409,86,11,28
280,1880,1832,96,30,47
280,1950,1849,98,30,46
280,1983,132,569,255,382
281,1775,1429,122,33,66
281,1833,331,788,106,155
281,1845,1716,70,13,25
281,1895,1462,147,29,56
281,1896,1627,97,26,43
281,1897,1623,88,24,45
281,1971,372,797,58,143
281,1992,1456,81,12,31
281,1993,1577,79,17,36
281,1994,1409,86,11,28
281,1880,1833,96,30,47
281,1950,1848,97,30,46
281,1983,165,548,255,382
282,1775,1429,122,33,66
282,1833,328,792,106,155
282,1845,1710,69,13,25
282,1895,1462,147,29,56
282,1896,1627,97,26,43
282,1897,1623,88,24,45
282,1971,368,796,58,143
282,1992,1456,81,12,31
282,1993,1577,79,17,36
282,1994,1409,86,11,28
282,1880,1835,95,30,47
282,1950,1848,95,30,46
282,1983,162,551,255,382
283,1775,1429,121,33,66
283,1833,330,826,106,155
283,1845,1704,70,13,25
283,1895,1461,148,29,56
283,1896,1627,97,26,43
283,1897,1623,88,24,45
283,1971,368,797,58,143
283,1992,1460,80,12,31
283,1993,1577,79,17,36
283,1994,1409,86,11,28
283,1880,1836,96,30,47
283,1950,1851,109,30,46
283,1983,162,550,255,382
284,1775,1429,121,33,66
284,1833,302,786,106,155
284,1845,1698,70,13,25
284,1895,1461,148,29,56
284,1896,1627,97,26,43
284,1897,1626,88,24,45
284,1971,370,809,58,143
284,1992,1460,80,12,31
284,1993,1577,79,17,36
284,1994,1409,86,11,28
284,1880,1837,98,30,47
284,1950,1850,109,30,46
284,1983,162,549,255,382
285,1775,1429,122,33,66
285,1833,289,770,106,155
285,1845,1697,70,13,25
285,1895,1461,147,29,56
285,1896,1627,97,26,43
285,1897,1623,88,24,45
285,1971,369,811,58,143
285,1992,1460,81,12,31
285,1993,1577,79,17,36
285,1994,1409,86,11,28
285,1880,1839,97,30,47
285,1950,1850,109,30,46
285,1983,162,552,255,382
286,1775,1429,122,33,66
286,1833,279,776,106,155
286,1845,1696,70,13,25
286,1895,1460,149,29,56
286,1896,1627,97,26,43
286,1897,1623,88,24,45
286,1971,354,837,58,143
286,1992,1461,80,12,31
286,1993,1577,79,17,36
286,1994,1409,86,11,28
286,1880,1841,93,30,47
286,1950,1838,97,30,46
286,1983,132,575,255,382
287,1775,1429,122,33,66
287,1833,271,782,106,155
287,1845,1696,70,13,25
287,1895,1460,149,29,56
287,1896,1627,97,26,43
287,1897,1626,88,24,45
287,1971,359,854,58,143
287,1992,1461,80,12,31
287,1993,1577,79,17,36
287,1994,1409,86,11,28
287,1880,1842,94,30,47
287,1950,1836,98,30,46
287,1983,132,570,255,382
288,1775,1429,122,33,66
288,1833,271,756,106,155
288,1845,1690,70,13,25
288,1895,1460,149,29,56
288,1896,1627,97,26,43
288,1897,1623,88,24,45
288,1971,357,852,58,143
288,1992,1461,81,12,31
288,1993,1577,79,17,36
288,1994,1409,86,11,28
288,1880,1843,94,30,47
288,1950,1837,98,30,46
288,1983,129,569,255,382
289,1775,1429,122,33,66
289,1845,1684,60,13,25
289,1895,1460,149,29,56
289,1896,1633,96,26,43
289,1897,1626,88,24,45
289,1971,357,852,58,143
289,1992,1456,68,12,31
289,1993,1577,79,17,36
289,1994,1409,86,11,28
289,1880,1844,94,30,47
289,1950,1836,99,30,46
289,1983,123,572,255,382
290,1775,1429,122,33,66
290,1845,1688,53,13,25
290,1895,1460,149,29,56
290,1896,1632,96,26,43
290,1897,1626,88,24,45
290,1971,356,851,58,143
290,1992,1457,69,12,31
290,1993,1577,79,17,36
290,1994,1409,86,11,28
290,1880,1844,95,30,47
290,1950,1835,100,30,46
290,1983,117,575,255,382
291,1775,1429,122,33,66
291,1845,1688,53,13,25
291,1895,1459,149,29,56
291,1896,1631,96,26,43
291,1897,1626,88,24,45
291,1971,355,853,58,143
291,1992,1461,69,12,31
291,1993,1576,79,17,36
291,1994,1409,86,11,28
291,1880,1841,97,30,47
291,1950,1834,101,30,46
291,1983,111,578,255,382
292,1775,1429,122,33,66
292,1845,1689,53,13,25
292,1895,1459,149,29,56
292,1896,1630,96,26,43
292,1897,1626,88,24,45
292,1971,353,854,58,143
292,1992,1461,70,12,31
292,1993,1576,79,17,36
292,1994,1409,86,11,28
292,1880,1849,96,30,47
292,1950,1846,97,30,46
292,1983,99,585,255,382
293,1775,1429,122,33,66
293,1845,1689,53,13,25
293,1895,1459,149,29,56
293,1896,1628,96,26,43
293,1897,1627,88,24,45
293,1971,351,853,58,143
293,1992,1461,69,12,31
293,1993,1576,80,17,36
293,1994,1409,86,11,28
293,1880,1851,96,30,47
293,1950,1847,97,30,46
293,1983,93,588,255,382
294,1775,1429,122,33,66
294,1845,1689,53,13,25
294,1895,1459,149,29,56
294,1896,1627,96,26,43
294,1897,1625,89,24,45
294,1971,352,855,58,143
294,1992,1461,69,12,31
294,1993,1576,80,17,36
294,1994,1409,86,11,28
294,1880,1852,96,30,47
294,1950,1849,97,30,46
294,1983,87,591,255,382
295,1775,1429,122,33,66
295,1845,1689,53,13,25
295,1895,1458,148,29,56
295,1896,1626,96,26,43
295,1897,1626,88,24,45
295,1971,348,863,58,143
295,1992,1462,70,12,31
295,1993,1576,80,17,36
295,1994,1409,86,11,28
295,1880,1853,97,30,47
295,1950,1849,98,30,46
295,1983,72,602,255,382
296,1775,1429,122,33,66
296,1845,1689,53,13,25
296,1895,1458,149,29,56
296,1896,1626,96,26,43
296,1897,1626,88,24,45
296,1971,344,867,58,143
296,1992,1462,70,12,31
296,1993,1576,80,17,36
296,1994,1409,86,11,28
296,1880,1854,96,30,47
296,1950,1850,98,30,46
296,1983,63,605,255,382
297,1775,1429,122,33,66
297,1845,1689,53,13,25
297,1895,1457,148,29,56
297,1896,1626,96,26,43
297,1897,1625,88,24,45
297,1971,339,874,58,143
297,1992,1462,70,12,31
297,1993,1576,80,17,36
297,1994,1409,86,11,28
297,1880,1855,96,30,47
297,1950,1853,98,30,46
297,1983,57,608,255,382
297,1926,26,694,181,343
298,1775,1429,122,33,66
298,1845,1689,53,13,25
298,1895,1457,148,29,56
298,1896,1625,96,26,43
298,1897,1627,88,24,45
298,1971,328,885,58,143
298,1992,1463,70,12,31
298,1993,1575,80,17,36
298,1994,1409,86,11,28
298,1880,1859,96,30,47
298,1950,1854,98,30,46
298,1983,48,611,255,382
298,1926,30,688,181,343
299,1775,1430,121,33,66
299,1845,1690,53,13,25
299,1895,1457,148,29,56
299,1896,1625,96,26,43
299,1897,1626,88,24,45
299,1971,308,895,58,143
299,1992,1463,70,12,31
299,1993,1575,81,17,36
299,1994,1409,86,11,28
299,1880,1860,97,30,47
299,1950,1855,98,30,46
299,1983,36,614,255,382
299,1926,32,685,181,343
300,1775,1430,121,33,66
300,1845,1689,53,13,25
300,1895,1456,148,29,56
300,1896,1624,96,26,43
300,1897,1626,88,24,45
300,1971,291,910,58,143
300,1992,1463,71,12,31
300,1993,1575,81,17,36
300,1994,1409,86,11,28
300,1880,1860,96,30,47
300,1950,1855,99,30,46
300,1983,33,617,255,382
300,1926,42,679,181,343
301,1775,1430,121,33,66
301,1845,1689,53,13,25
301,1895,1456,148,29,56
301,1896,1623,96,26,43
301,1897,1626,88,24,45
301,1971,269,912,58,143
301,1992,1464,71,12,31
301,1993,1575,81,17,36
301,1994,1409,86,11,28
301,1880,1860,97,30,47
301,1950,1856,99,30,46
301,1983,15,564,255,382
301,1926,48,676,181,343
302,1775,1430,121,33,66
302,1845,1689,53,13,25
302,1895,1456,148,29,56
302,1896,1623,96,26,43
302,1897,1626,88,24,45
302,1971,245,931,58,143
302,1992,1464,71,12,31
302,1993,1574,83,17,36
302,1994,1409,86,11,28
302,1880,1861,97,30,47
302,1950,1857,98,30,46
302,1983,0,571,255,382
302,1926,126,631,181,343
303,1775,1430,121,33,66
303,1845,1689,53,13,25
303,1895,1456,148,29,56
303,1896,1622,96,26,43
303,1897,1626,88,24,45
303,1971,228,938,58,143
303,1992,1465,71,12,31
303,1993,1574,81,17,36
303,1994,1409,87,11,28
303,1880,1862,96,30,47
303,1950,1858,98,30,46
303,1983,3,578,255,382
303,1926,111,640,181,343
304,1775,1430,121,33,66
304,1845,1689,53,13,25
304,1895,1455,148,29,56
304,1896,1622,96,26,43
304,1897,1626,88,24,45
304,1971,242,921,58,143
304,1992,1465,72,12,31
304,1993,1574,80,17,36
304,1994,1409,87,11,28
304,1880,1863,96,30,47
304,1950,1859,98,30,46
304,1983,0,585,255,382
304,1926,100,646,181,343
305,1775,1430,121,33,66
305,1845,1689,53,13,25
305,1895,1455,148,29,56
305,1896,1622,96,26,43
305,1897,1626,88,24,45
305,1971,243,923,58,143
305,1992,1466,73,12,31
305,1993,1574,80,17,36
305,1994,1409,87,11,28
305,1880,1865,96,30,47
305,1950,1860,98,30,46
305,1983,0,648,255,382
305,1926,95,649,181,343
306,1775,1430,122,33,66
306,1845,1689,53,13,25
306,1895,1454,148,29,56
306,1896,1621,96,26,43
306,1897,1626,88,24,45
306,1971,242,924,58,143
306,1992,1466,71,12,31
306,1993,1574,80,17,36
306,1994,1409,87,11,28
306,1880,1867,95,30,47
306,1950,1861,98,30,46
306,1983,0,643,255,382
306,1926,92,652,181,343
307,1775,1430,121,33,66
307,1845,1689,53,13,25
307,1895,1454,148,29,56
307,1896,1621,96,26,43
307,1897,1626,88,24,45
307,1971,241,925,58,143
307,1992,1466,71,12,31
307,1993,1574,80,17,36
307,1994,1409,87,11,28
307,1880,1867,95,30,47
307,1950,1862,98,30,46
307,1983,0,642,255,382
307,1926,99,646,181,343
308,1775,1430,119,33,66
308,1845,1689,53,13,25
308,1895,1454,148,29,56
308,1896,1621,96,26,43
308,1897,1625,88,24,45
308,1971,238,928,58,143
308,1992,1466,71,12,31
308,1993,1573,81,17,36
308,1994,1409,87,11,28
308,1880,1868,96,30,47
308,1950,1864,98,30,46
308,1983,6,641,255,382
308,1926,104,643,181,343
309,1775,1430,119,33,66
309,1845,1689,53,13,25
309,1895,1453,149,29,56
309,1896,1621,96,26,43
309,1897,1624,88,24,45
309,1971,232,926,58,143
309,1992,1466,71,12,31
309,1993,1573,81,17,36
309,1994,1409,87,11,28
309,1880,1871,95,30,47
309,1950,1865,99,30,46
309,1983,0,644,255,382
309,1926,109,640,181,343
310,1775,1430,120,33,66
310,1845,1689,53,13,25
310,1895,1453,149,29,56
310,1896,1620,96,26,43
310,1897,1617,88,24,45
310,1971,229,924,58,143
310,1992,1466,71,12,31
310,1993,1573,81,17,36
310,1994,1409,87,11,28
310,1880,1872,96,30,47
310,1950,1866,99,30,46
310,1983,0,647,255,382
310,1926,114,637,181,343
311,1775,1430,120,33,66
311,1845,1689,53,13,25
311,1895,1453,149,29,56
311,1896,1620,96,26,43
311,1897,1616,88,24,45
311,1971,225,931,58,143
311,1992,1467,71,12,31
311,1993,1573,81,17,36
311,1994,1409,87,11,28
311,1880,1873,97,30,47
311,1950,1869,99,30,46
311,1983,177,546,255,382
311,1926,125,631,181,343
312,1775,1430,120,33,66
312,1845,1689,53,13,25
312,1895,1453,149,29,56
312,1896,1615,96,26,43
312,1897,1615,88,24,45
312,1971,220,934,58,143
312,1992,1467,70,12,31
312,1993,1573,81,17,36
312,1994,1409,87,11,28
312,1880,1875,97,30,47
312,1950,1870,100,30,46
312,1983,267,473,255,382
312,1926,130,628,181,343
313,1775,1430,120,33,66
313,1845,1689,53,13,25
313,1895,1453,150,29,56
313,1896,1614,96,26,43
313,1897,1614,88,24,45
313,1971,212,938,58,143
313,1992,1467,71,12,31
313,1993,1573,81,17,36
313,1994,1409,87,11,28
313,1880,1876,98,30,47
313,1950,1871,101,30,46
313,1983,291,468,255,382
313,1926,135,625,181,343
314,1775,1430,120,33,66
314,1845,1689,53,13,25
314,1895,1453,149,29,56
314,1896,1613,96,26,43
314,1897,1609,87,24,45
314,1971,204,938,58,143
314,1992,1467,71,12,31
314,1993,1573,81,17,36
314,1994,1409,87,11,28
314,1880,1878,98,30,47
314,1950,1873,101,30,46
314,1983,330,599,255,382
314,1926,142,622,181,343
315,1775,1430,121,33,66
315,1845,1689,53,13,25
315,1895,1453,149,29,56
315,1896,1611,96,26,43
315,1897,1609,87,24,45
315,1971,180,880,58,143
315,1992,1467,71,12,31
315,1993,1573,81,17,36
315,1994,1409,87,11,28
315,1880,1880,98,30,47
315,1950,1868,110,30,46
315,1983,330,598,255,382
315,1926,157,613,181,343
316,1775,1430,121,33,66
316,1845,1689,53,13,25
316,1895,1452,149,29,56
316,1896,1610,96,26,43
316,1897,1608,87,24,45
316,1971,179,880,58,143
316,1992,1468,71,12,31
316,1993,1573,81,17,36
316,1994,1409,87,11,28
316,1880,1880,99,30,47
316,1950,1876,100,30,46
316,1983,285,469,255,382
316,1926,156,613,181,343
317,1775,1430,121,33,66
317,1845,1689,53,13,25
317,1895,1452,149,29,56
317,1896,1609,96,26,43
317,1897,1608,87,24,45
317,1971,179,880,58,143
317,1992,1468,71,12,31
317,1993,1573,81,17,36
317,1994,1409,87,11,28
317,1880,1882,99,30,47
317,1950,1877,101,30,46
317,1983,288,468,255,382
317,1926,169,607,181,343
318,1775,1430,121,33,66
318,1845,1689,53,13,25
318,1895,1452,149,29,56
318,1896,1608,96,26,43
318,1897,1608,87,24,45
318,1971,179,880,58,143
318,1992,1468,71,12,31
318,1993,1573,80,17,36
318,1994,1409,87,11,28
318,1880,1882,100,30,47
318,1950,1878,101,30,46
318,1983,288,467,255,382
318,1926,174,604,181,343
319,1775,1430,121,33,66
319,1845,1689,53,13,25
319,1895,1452,149,29,56
319,1896,1609,96,26,43
319,1897,1608,87,24,45
319,1971,179,880,58,143
319,1992,1469,71,12,31
319,1993,1572,81,17,36
319,1994,1409,87,11,28
319,1880,1883,100,30,47
319,1950,1878,101,30,46
319,1983,291,466,255,382
319,1926,161,607,181,343
320,1775,1430,121,33,66
320,1845,1689,53,13,25
320,1895,1452,149,29,56
320,1896,1609,96,26,43
320,1897,1608,87,24,45
320,1971,178,880,58,143
320,1992,1469,71,12,31
320,1993,1572,81,17,36
320,1994,1409,87,11,28
320,1880,1884,99,30,47
320,1950,1878,101,30,46
320,1983,294,465,255,382
320,1926,170,604,181,343
321,1775,1430,120,33,66
321,1845,1689,53,13,25
321,1895,1452,148,29,56
321,1896,1609,96,26,43
321,1897,1608,87,24,45
321,1971,178,880,58,143
321,1992,1469,71,12,31
321,1993,1572,81,17,36
321,1994,1409,87,11,28
321,1880,1885,98,30,47
321,1950,1880,101,30,46
321,1983,279,468,255,382
321,1926,175,601,181,343
322,1775,1430,120,33,66
322,1845,1689,53,13,25
322,1895,1452,148,29,56
322,1896,1609,95,26,43
322,1897,1608,87,24,45
322,1971,179,878,58,143
322,1992,1469,71,12,31
322,1993,1572,81,17,36
322,1994,1409,87,11,28
322,1880,1887,97,30,47
322,1950,1881,100,30,46
322,1983,288,467,255,382
322,1926,178,598,181,343
323,1775,1430,120,33,66
323,1845,1689,53,13,25
323,1895,1451,148,29,56
323,1896,1616,96,26,43
323,1897,1608,87,24,45
323,1971,179,878,58,143
323,1992,1469,71,12,31
323,1993,1572,81,17,36
323,1994,1409,87,11,28
323,1880,1888,97,30,47
323,1950,1882,100,30,46
323,1983,291,466,255,382
323,1926,185,589,181,343
324,1775,1430,121,33,66
324,1845,1690,53,13,25
324,1895,1450,153,29,56
324,1896,1608,95,26,43
324,1897,1608,87,24,45
324,1971,161,891,58,143
324,1992,1469,71,12,31
324,1993,1571,82,17,36
324,1994,1409,87,11,28
324,1880,1890,96,30,47
324,1950,1884,100,30,46
324,1983,297,465,255,382
324,1926,194,583,181,343
325,1775,1430,120,33,66
325,1845,1689,53,13,25
325,1895,1450,152,29,56
325,1896,1615,96,26,43
325,1897,1608,87,24,45
325,1971,161,891,58,143
325,1992,1470,71,12,31
325,1993,1571,81,17,36
325,1994,1409,87,11,28
325,1880,1891,96,30,47
325,1950,1885,100,30,46
325,1983,291,468,255,382
325,1926,201,574,181,343
326,1775,1430,120,33,66
326,1845,1689,53,13,25
326,1895,1449,153,29,56
326,1896,1608,95,26,43
326,1897,1607,87,24,45
326,1971,160,890,58,143
326,1992,1470,71,12,31
326,1993,1571,81,17,36
326,1994,1409,87,11,28
326,1880,1891,99,30,47
326,1950,1887,100,30,46
326,1983,294,467,255,382
326,1926,212,565,181,343
327,1775,1430,120,33,66
327,1845,1689,53,13,25
327,1895,1449,153,29,56
327,1896,1611,95,26,43
327,1897,1608,87,24,45
327,1971,160,890,58,143
327,1992,1471,72,12,31
327,1993,1570,83,17,36
327,1994,1409,87,11,28
327,1880,1891,101,30,47
327,1950,1888,101,30,46
327,1983,291,466,255,382
327,1926,217,562,181,343
328,1775,1430,120,33,66
328,1845,1690,53,13,25
328,1895,1449,153,29,56
328,1896,1610,95,26,43
328,1897,1611,87,24,45
328,1971,160,890,58,143
328,1992,1471,72,12,31
328,1993,1570,81,17,36
328,1994,1409,87,11,28
328,1880,1891,103,30,47
328,1950,1890,101,30,46
328,1983,294,465,255,382
328,1926,234,547,181,343
329,1775,1430,120,33,66
329,1845,1690,53,13,25
329,1895,1448,154,29,56
329,1896,1609,95,26,43
329,1897,1608,87,24,45
329,1971,160,890,58,143
329,1992,1471,72,12,31
329,1993,1570,81,17,36
329,1994,1409,87,11,28
329,1880,1879,84,30,47
329,1950,1891,103,30,46
329,1983,297,464,255,382
329,1926,233,547,181,343
330,1775,1430,119,33,66
330,1845,1689,53,13,25
330,1895,1448,154,29,56
330,1896,1609,95,26,43
330,1897,1608,87,24,45
330,1971,160,890,58,143
330,1992,1471,72,12,31
330,1993,1570,81,17,36
330,1994,1409,87,11,28
330,1880,1877,84,30,47
330,1950,1891,104,30,46
330,1983,297,467,255,382
330,1926,234,547,181,343
331,1775,1430,118,33,66
331,1845,1689,53,13,25
331,1895,1448,154,29,56
331,1896,1611,95,26,43
331,1897,1609,87,24,45
331,1971,160,890,58,143
331,1992,1471,72,12,31
331,1993,1570,81,17,36
331,1994,1409,87,11,28
331,1880,1877,84,30,47
331,1950,1891,107,30,46
331,1983,297,466,255,382
331,1926,163,616,181,343
332,1775,1430,117,33,66
332,1845,1689,53,13,25
332,1895,1447,155,29,56
332,1896,1607,95,26,43
332,1897,1607,87,24,45
332,1971,160,890,58,143
332,1992,1472,72,12,31
332,1993,1569,82,17,36
332,1994,1409,87,11,28
332,1880,1879,83,30,47
332,1950,1879,88,30,46
332,1983,195,533,255,382
332,1926,162,616,181,343
333,1775,1429,120,33,66
333,1845,1689,53,13,25
333,1895,1447,154,29,56
333,1896,1606,94,26,43
333,1897,1609,87,24,45
333,1971,160,890,58,143
333,1992,1472,72,12,31
333,1993,1569,81,17,36
333,1994,1409,87,11,28
333,1880,1879,84,30,47
333,1950,1874,87,30,46
333,1983,123,572,255,382
333,1926,105,646,181,343
334,1775,1429,119,33,66
334,1845,1690,53,13,25
334,1895,1447,153,29,56
334,1896,1595,86,26,43
334,1897,1618,87,24,45
334,1971,160,890,58,143
334,1992,1472,72,12,31
334,1993,1569,81,17,36
334,1994,1409,87,11,28
334,1880,1880,84,30,47
334,1950,1874,87,30,46
334,1983,114,579,255,382
334,1926,68,667,181,343
335,1775,1429,118,33,66
335,1845,1689,53,13,25
335,1895,1446,155,29,56
335,1896,1586,86,26,43
335,1897,1625,88,24,45
335,1971,160,890,58,143
335,1992,1472,72,12,31
335,1993,1569,81,17,36
335,1994,1409,87,11,28
335,1880,1880,84,30,47
335,1950,1875,87,30,46
335,1983,129,570,255,382
335,1926,68,667,181,343
336,1775,1430,114,33,66
336,1845,1689,53,13,25
336,1895,1446,154,29,56
336,1896,1578,85,26,43
336,1897,1626,88,24,45
336,1971,160,890,58,143
336,1992,1473,73,12,31
336,1993,1569,81,17,36
336,1994,1409,87,11,28
336,1880,1880,84,30,47
336,1950,1876,87,30,46
336,1983,129,569,255,382
336,1926,68,667,181,343
337,1775,1429,114,33,66
337,1845,1689,53,13,25
337,1895,1446,154,29,56
337,1896,1577,85,26,43
337,1897,1621,88,24,45
337,1971,160,890,58,143
337,1992,1473,73,12,31
337,1993,1569,81,17,36
337,1994,1409,87,11,28
337,1880,1880,84,30,47
337,1950,1877,87,30,46
337,1983,132,568,255,382
337,1926,68,667,181,343
338,1775,1431,114,33,66
338,1845,1689,53,13,25
338,1895,1446,153,29,56
338,1896,1586,86,26,43
338,1897,1625,88,24,45
338,1971,160,890,58,143
338,1992,1473,73,12,31
338,1993,1569,80,17,36
338,1994,1409,87,11,28
338,1880,1881,84,30,47
338,1950,1876,87,30,46
338,1983,141,563,255,382
338,1926,68,667,181,343
339,1775,1431,114,33,66
339,1845,1689,53,13,25
339,1895,1446,152,29,56
339,1896,1577,85,26,43
339,1897,1627,88,24,45
339,1971,160,890,58,143
339,1992,1473,73,12,31
339,1993,1569,81,17,36
339,1994,1409,87,11,28
339,1880,1882,84,30,47
339,1950,1878,87,30,46
339,1983,129,570,255,382
339,1926,68,667,181,343
340,1775,1431,114,33,66
340,1845,1689,53,13,25
340,1895,1446,152,29,56
340,1896,1578,85,26,43
340,1897,1626,88,24,45
340,1971,160,890,58,143
340,1992,1474,73,12,31
340,1993,1569,81,17,36
340,1994,1409,87,11,28
340,1880,1882,84,30,47
340,1950,1877,87,30,46
340,1983,129,569,255,382
340,1926,68,667,181,343
341,1775,1432,113,33,66
341,1845,1689,53,13,25
341,1895,1446,152,29,56
341,1896,1578,85,26,43
341,1897,1620,88,24,45
341,1971,160,890,58,143
341,1992,1474,73,12,31
341,1993,1569,81,17,36
341,1994,1409,87,11,28
341,1880,1883,83,30,47
341,1950,1878,87,30,46
341,1983,132,568,255,382
341,1926,68,667,181,343
342,1775,1432,113,33,66
342,1845,1689,53,13,25
342,1895,1446,151,29,56
342,1896,1578,85,26,43
342,1897,1620,88,24,45
342,1971,160,890,58,143
342,1992,1472,73,12,31
342,1993,1569,81,17,36
342,1994,1409,87,11,28
342,1880,1883,83,30,47
342,1950,1876,87,30,46
342,1983,141,563,255,382
342,1926,68,667,181,343
343,1775,1431,113,33,66
343,1845,1689,53,13,25
343,1895,1445,150,29,56
343,1896,1578,85,26,43
343,1897,1626,88,24,45
343,1971,160,890,58,143
343,1992,1472,73,12,31
343,1993,1568,82,17,36
343,1994,1409,87,11,28
343,1880,1884,84,30,47
343,1950,1877,87,30,46
343,1983,129,570,255,382
343,1926,68,667,181,343
344,1775,1431,113,33,66
344,1845,1689,53,13,25
344,1895,1445,151,29,56
344,1896,1578,85,26,43
344,1897,1620,88,24,45
344,1971,159,890,58,143
344,1992,1473,73,12,31
344,1993,1568,82,17,36
344,1994,1409,87,11,28
344,1880,1885,84,30,47
344,1950,1879,87,30,46
344,1983,129,569,255,382
344,1926,68,667,181,343
345,1775,1431,113,33,66
345,1845,1690,53,13,25
345,1895,1444,152,29,56
345,1896,1578,85,26,43
345,1897,1619,88,24,45
345,1971,160,890,58,143
345,1992,1472,73,12,31
345,1993,1568,82,17,36
345,1994,1409,87,11,28
345,1880,1886,83,30,47
345,1950,1877,87,30,46
345,1983,132,568,255,382
345,1926,68,667,181,343
346,1775,1431,113,33,66
346,1845,1690,53,13,25
346,1895,1444,152,29,56
346,1896,1582,85,26,43
346,1897,1626,88,24,45
346,1971,160,890,58,143
346,1992,1473,73,12,31
346,1993,1568,82,17,36
346,1994,1409,87,11,28
346,1880,1886,83,30,47
346,1950,1876,87,30,46
346,1983,141,563,255,382
346,1926,68,667,181,343
347,1775,1431,113,33,66
347,1845,1690,53,13,25
347,1895,1443,153,29,56
347,1896,1582,85,26,43
347,1897,1619,88,24,45
347,1971,160,890,58,143
347,1992,1473,73,12,31
347,1993,1569,82,17,36
347,1994,1409,87,11,28
347,1880,1887,83,30,47
347,1950,1877,87,30,46
347,1983,129,570,255,382
347,1926,68,667,181,343
348,1775,1431,115,33,66
348,1845,1684,43,13,25
348,1895,1443,153,29,56
348,1896,1582,85,26,43
348,1897,1616,88,24,45
348,1992,165,884,58,143
348,1993,1468,60,12,31
348,1994,1570,84,17,36
348,1880,1887,83,30,47
348,1950,1876,88,30,46
348,1983,132,569,255,382
348,1926,68,667,181,343
349,1775,1431,114,33,66
349,1845,1684,44,13,25
349,1895,1442,154,29,56
349,1896,1582,85,26,43
349,1897,1616,88,24,45
349,1992,166,884,58,143
349,1993,1468,60,12,31
349,1994,1569,82,17,36
349,1880,1887,83,30,47
349,1950,1876,88,30,46
349,1983,132,568,255,382
349,1926,68,667,181,343
350,1775,1431,114,33,66
350,1845,1684,44,13,25
350,1895,1442,153,29,56
350,1896,1582,85,26,43
350,1897,1616,88,24,45
350,1992,166,884,58,143
350,1993,1468,60,12,31
350,1994,1569,82,17,36
350,1880,1887,83,30,47
350,1950,1876,88,30,46
350,1983,132,567,255,382
350,1926,68,667,181,343
351,1775,1430,115,33,66
351,1845,1684,44,13,25
351,1895,1442,153,29,56
351,1896,1582,85,26,43
351,1897,1616,88,24,45
351,1992,166,884,58,143
351,1993,1468,60,12,31
351,1994,1569,82,17,36
351,1880,1887,83,30,47
351,1950,1872,88,30,46
351,1983,129,570,255,382
351,1926,68,667,181,343
352,1775,1430,115,33,66
352,1845,1682,45,13,25
352,1895,1442,153,29,56
352,1896,1582,85,26,43
352,1897,1616,88,24,45
352,1992,166,884,58,143
352,1993,1468,60,12,31
352,1994,1569,82,17,36
352,1880,1888,83,30,47
352,1950,1876,88,30,46
352,1983,132,569,255,382
352,1926,68,667,181,343
353,1775,1430,115,33,66
353,1845,1682,45,13,25
353,1895,1442,153,29,56
353,1896,1582,85,26,43
353,1897,1610,87,24,45
353,1992,166,884,58,143
353,1993,1468,60,12,31
353,1994,1568,84,17,36
353,1880,1889,83,30,47
353,1950,1876,88,30,46
353,1983,132,568,255,382
353,1926,68,667,181,343
354,1775,1430,115,33,66
354,1845,1683,45,13,25
354,1895,1441,154,29,56
354,1896,1582,85,26,43
354,1897,1616,88,24,45
354,1992,166,884,58,143
354,1993,1468,60,12,31
354,1994,1569,83,17,36
354,1880,1886,83,30,47
354,1950,1876,88,30,46
354,1983,132,567,255,382
354,1926,68,667,181,343
355,1775,1430,114,33,66
355,1845,1683,45,13,25
355,1895,1441,153,29,56
355,1896,1582,85,26,43
355,1897,1616,88,24,45
355,1992,166,884,58,143
355,1993,1468,60,12,31
355,1994,1568,84,17,36
355,1880,1887,83,30,47
355,1950,1876,88,30,46
355,1983,135,566,255,382
355,1926,68,667,181,343
356,1775,1430,114,33,66
356,1845,1683,45,13,25
356,1895,1441,154,29,56
356,1896,1582,85,26,43
356,1897,1610,87,24,45
356,1992,166,884,58,143
356,1993,1468,60,12,31
356,1994,1568,85,17,36
356,1880,1887,83,30,47
356,1950,1876,88,30,46
356,1983,132,569,255,382
356,1926,68,667,181,343
357,1775,1430,114,33,66
357,1845,1683,45,13,25
357,1895,1441,154,29,56
357,1896,1582,85,26,43
357,1897,1610,87,24,45
357,1992,166,884,58,143
357,1993,1468,60,12,31
357,1994,1568,84,17,36
357,1880,1887,83,30,47
357,1950,1875,88,30,46
357,1983,132,568,255,382
357,1926,68,667,181,343
358,1775,1430,114,33,66
358,1845,1683,45,13,25
358,1895,1441,153,29,56
358,1896,1582,85,26,43
358,1897,1609,87,24,45
358,1992,166,884,58,143
358,1993,1468,60,12,31
358,1994,1568,84,17,36
358,1880,1886,83,30,47
358,1950,1876,88,30,46
358,1983,132,567,255,382
358,1926,68,667,181,343
359,1775,1430,113,33,66
359,1845,1683,45,13,25
359,1895,1440,155,29,56
359,1896,1582,85,26,43
359,1897,1614,88,24,45
359,1992,166,884,58,143
359,1993,1468,60,12,31
359,1994,1568,84,17,36
359,1880,1887,83,30,47
359,1950,1876,88,30,46
359,1983,132,570,255,382
359,1926,68,667,181,343
360,1775,1430,113,33,66
360,1845,1683,45,13,25
360,1895,1440,154,29,56
360,1896,1582,85,26,43
360,1897,1606,86,24,45
360,1992,166,884,58,143
360,1993,1468,60,12,31
360,1994,1567,85,17,36
360,1880,1887,83,30,47
360,1950,1877,88,30,46
360,1983,132,569,255,382
360,1926,68,667,181,343
361,1775,1430,114,33,66
361,1845,1683,45,13,25
361,1895,1440,154,29,56
361,1896,1582,85,26,43
361,1897,1607,87,24,45
361,1992,166,884,58,143
361,1993,1468,60,12,31
361,1994,1567,85,17,36
361,1880,1891,83,30,47
361,1950,1868,89,30,46
361,1983,132,568,255,382
361,1926,68,667,181,343
362,1775,1430,112,33,66
362,1845,1683,45,13,25
362,1895,1440,152,29,56
362,1896,1581,85,26,43
362,1992,1606,87,24,45
362,1993,1472,63,12,31
362,1994,1565,90,17,36
362,1880,1892,82,29,47
362,1950,1870,90,30,46
362,1983,141,563,255,382
362,1926,66,667,181,343
363,1775,1430,113,33,66
363,1845,1683,45,13,25
363,1895,1439,153,29,56
363,1896,1581,85,26,43
363,1992,1606,86,24,45
363,1993,1471,62,12,31
363,1994,1565,90,17,36
363,1880,1892,82,29,47
363,1950,1872,90,30,46
363,1983,129,570,255,382
363,1926,66,667,181,343
364,1775,1430,113,33,66
364,1845,1683,45,13,25
364,1895,1438,153,29,56
364,1896,1581,85,26,43
364,1992,1605,86,24,45
364,1993,1471,62,12,31
364,1994,1566,86,17,36
364,1880,1892,82,29,47
364,1950,1873,90,30,46
364,1983,138,565,255,382
364,1926,66,667,181,343
365,1775,1430,113,33,66
365,1845,1687,45,13,25
365,1895,1438,153,29,56
365,1896,1581,85,26,43
365,1992,1602,86,24,45
365,1993,1471,62,12,31
365,1994,1565,88,17,36
365,1880,1892,82,29,47
365,1950,1875,90,30,46
365,1983,132,568,255,382
365,1926,66,667,181,343
366,1775,1430,113,33,66
366,1845,1683,44,13,25
366,1895,1437,153,29,56
366,1896,1581,85,26,43
366,1992,1601,86,24,45
366,1993,1471,62,12,31
366,1994,1565,88,17,36
366,1880,1892,82,29,47
366,1950,1876,91,30,46
366,1983,141,563,255,382
366,1926,66,667,181,343
367,1775,1430,114,33,66
367,1845,1683,44,13,25
367,1895,1436,154,29,56
367,1896,1581,85,26,43
367,1992,1601,86,24,45
367,1993,1471,62,12,31
367,1994,1564,90,17,36
367,1880,1892,82,29,47
367,1950,1877,91,30,46
367,1983,129,570,255,382
367,1926,66,667,181,343
368,1775,1430,114,33,66
368,1845,1683,44,13,25
368,1895,1436,153,29,56
368,1896,1581,85,26,43
368,1992,1601,86,24,45
368,1993,1471,62,12,31
368,1994,1564,89,17,36
368,1880,1892,82,29,47
368,1950,1879,90,30,46
368,1983,135,569,255,382
368,1926,66,667,181,343
369,1775,1430,114,33,66
369,1845,1683,44,13,25
369,1895,1435,154,29,56
369,1896,1581,85,26,43
369,1992,1600,87,24,45
369,1993,1471,62,12,31
369,1994,1564,89,17,36
369,1880,1890,82,29,47
369,1950,1881,89,30,46
369,1983,138,568,255,382
369,1926,66,667,181,343
370,1775,1430,114,33,66
370,1845,1683,44,13,25
370,1895,1434,154,29,56
370,1896,1580,85,26,43
370,1992,1600,87,24,45
370,1993,1471,62,12,31
370,1994,1564,89,17,36
370,1880,1892,83,29,47
370,1950,1882,89,30,46
370,1983,132,571,255,382
370,1926,66,667,181,343
371,1775,1430,114,33,66
371,1845,1683,44,13,25
371,1895,1434,154,29,56
371,1896,1579,85,26,43
371,1992,1600,86,24,45
371,1993,1471,62,12,31
371,1994,1564,88,17,36
371,1880,1892,83,29,47
371,1950,1884,89,30,46
371,1983,135,570,255,382
371,1926,66,667,181,343
372,1775,1430,113,33,66
372,1845,1683,44,13,25
372,1895,1433,154,29,56
372,1896,1580,85,26,43
372,1992,1599,87,24,45
372,1993,1471,62,12,31
372,1994,1564,88,17,36
372,1880,1892,83,29,47
372,1950,1885,89,30,46
372,1983,135,569,255,382
372,1926,66,667,181,343
373,1775,1430,114,33,66
373,1845,1683,44,13,25
373,1895,1433,153,29,56
373,1896,1579,85,26,43
373,1992,1599,87,24,45
373,1993,1471,62,12,31
373,1994,1563,91,17,36
373,1880,1892,83,29,47
373,1950,1886,90,30,46
373,1983,138,568,255,382
373,1926,66,667,181,343
374,1775,1430,113,33,66
374,1845,1683,44,13,25
374,1895,1432,153,29,56
374,1896,1579,85,26,43
374,1992,1598,87,24,45
374,1993,1471,62,12,31
374,1994,1563,90,17,36
374,1880,1892,83,29,47
374,1950,1888,90,30,46
374,1983,132,571,255,382
374,1926,66,667,181,343
375,1775,1430,114,33,66
375,1845,1687,45,13,25
375,1895,1431,153,29,56
375,1896,1579,85,26,43
375,1992,1598,87,24,45
375,1993,1471,62,12,31
375,1994,1563,90,17,36
375,1880,1892,84,29,47
375,1950,1889,90,30,46
375,1983,135,570,255,382
375,1926,66,667,181,343
376,1775,1431,112,33,66
376,1845,1686,44,13,25
376,1895,1431,153,29,56
376,1896,1579,85,26,43
376,1992,1597,86,24,45
376,1993,1471,62,12,31
376,1994,1563,90,17,36
376,1880,1892,83,29,47
376,1950,1891,90,30,46
376,1983,135,569,255,382
376,1926,66,667,181,343
377,1775,1431,113,33,66
377,1845,1686,44,13,25
377,1895,1430,153,29,56
377,1896,1577,85,26,43
377,1992,1597,87,24,45
377,1993,1471,62,12,31
377,1994,1563,90,17,36
377,1880,1892,83,29,47
377,1950,1891,92,30,46
377,1983,138,568,255,382
377,1926,66,667,181,343
378,1775,1432,114,33,66
378,1845,1684,44,13,25
378,1895,1430,153,29,56
378,1896,1578,85,26,43
378,1992,1596,87,24,45
378,1993,1471,62,12,31
378,1994,1563,89,17,36
378,1880,1883,83,29,47
378,1950,1891,93,30,46
378,1983,132,571,255,382
378,1926,66,667,181,343
379,1775,1431,113,33,66
379,1845,1684,44,13,25
379,1895,1430,153,29,56
379,1896,1577,85,26,43
379,1992,1596,87,24,45
379,1993,1471,62,12,31
379,1994,1563,89,17,36
379,1880,1872,83,29,47
379,1950,1886,109,30,46
379,1983,135,570,255,382
379,1926,66,667,181,343
380,1775,1431,112,33,66
380,1845,1684,44,13,25
380,1895,1430,153,29,56
380,1896,1577,85,26,43
380,1992,1595,87,24,45
380,1993,1471,62,12,31
380,1994,1563,89,17,36
380,1880,1874,83,29,47
380,1950,1888,108,30,46
380,1983,135,569,255,382
380,1926,66,667,181,343
381,1775,1431,113,33,66
381,1845,1684,44,13,25
381,1895,1430,153,29,56
381,1896,1575,85,26,43
381,1992,1598,87,24,45
381,1993,1471,62,12,31
381,1994,1563,89,17,36
381,1880,1874,83,29,47
381,1950,1891,107,30,46
381,1983,138,568,255,382
381,1926,66,667,181,343
382,1775,1431,112,33,66
382,1845,1684,44,13,25
382,1895,1430,153,29,56
382,1896,1570,85,26,43
382,1992,1597,87,24,45
382,1993,1471,62,12,31
382,1994,1562,91,17,36
382,1880,1874,83,29,47
382,1950,1891,110,30,46
382,1983,132,571,255,382
382,1926,68,667,181,343
383,1775,1431,112,33,66
383,1845,1684,44,13,25
383,1895,1430,153,29,56
383,1896,1574,85,26,43
383,1992,1597,87,24,45
383,1993,1471,62,12,31
383,1994,1562,90,17,36
383,1880,1874,83,29,47
383,1950,1891,114,30,46
383,1983,135,570,255,382
383,1926,68,667,181,343
384,1775,1431,113,33,66
384,1845,1684,44,13,25
384,1895,1430,153,29,56
384,1896,1573,85,26,43
384,1992,1597,87,24,45
384,1993,1471,62,12,31
384,1994,1562,90,17,36
384,1880,1874,83,29,47
384,1950,1891,115,30,46
384,1983,135,569,255,382
384,1926,68,667,181,343
385,1775,1431,113,33,66
385,1845,1684,44,13,25
385,1895,1428,156,29,56
385,1896,1572,85,26,43
385,1992,1597,87,24,45
385,1993,1471,62,12,31
385,1994,1562,90,17,36
385,1880,1873,83,29,47
385,1950,1891,116,30,46
385,1983,138,568,255,382
385,1926,68,667,181,343
386,1775,1431,113,33,66
386,1845,1684,44,13,25
386,1895,1429,156,29,56
386,1896,1569,85,26,43
386,1992,1596,87,24,45
386,1993,1471,62,12,31
386,1994,1562,89,17,36
386,1880,1874,83,29,47
386,1950,1891,117,30,46
386,1983,132,571,255,382
386,1926,68,667,181,343
387,1775,1431,113,33,66
387,1845,1684,44,13,25
387,1895,1428,156,29,56
387,1896,1572,85,26,43
387,1992,1596,87,24,45
387,1993,1471,62,12,31
387,1994,1562,88,17,36
387,1880,1874,83,29,47
387,1950,1879,98,30,46
387,1983,135,570,255,382
387,1926,68,667,181,343
388,1775,1431,113,33,66
388,1845,1684,44,13,25
388,1895,1427,157,29,56
388,1896,1571,85,26,43
388,1992,1596,87,24,45
388,1993,1471,62,12,31
388,1994,1561,90,17,36
388,1880,1874,83,29,47
388,1950,1871,90,30,46
388,1983,135,569,255,382
388,1926,68,667,181,343
389,1775,1431,113,33,66
389,1845,1684,44,13,25
389,1895,1427,157,29,56
389,1896,1571,85,26,43
389,1992,1596,87,24,45
389,1993,1471,62,12,31
389,1994,1560,92,17,36
389,1880,1874,83,29,47
389,1950,1871,90,30,46
389,1983,138,568,255,382
389,1926,68,667,181,343
390,1775,1431,113,33,66
390,1845,1684,44,13,25
390,1895,1427,157,29,56
390,1896,1570,85,26,43
390,1992,1596,87,24,45
390,1993,1471,62,12,31
390,1994,1560,91,17,36
390,1880,1874,83,29,47
390,1950,1871,90,30,46
390,1983,132,571,255,382
390,1926,68,667,181,343
391,1775,1431,113,33,66
391,1845,1684,44,13,25
391,1895,1426,157,29,56
391,1896,1569,85,26,43
391,1992,1595,87,24,45
391,1993,1471,62,12,31
391,1994,1560,91,17,36
391,1880,1874,83,29,47
391,1950,1871,90,30,46
391,1983,135,570,255,382
391,1926,68,667,181,343
392,1775,1431,113,33,66
392,1845,1684,44,13,25
392,1895,1427,157,29,56
392,1896,1569,85,26,43
392,1992,1595,87,24,45
392,1993,1471,62,12,31
392,1994,1560,90,17,36
392,1880,1874,83,29,47
392,1950,1871,90,30,46
392,1983,135,569,255,382
392,1926,68,667,181,343
393,1775,1431,113,33,66
393,1845,1684,44,13,25
393,1895,1426,157,29,56
393,1896,1568,85,26,43
393,1992,1595,87,24,45
393,1993,1471,62,12,31
