31,1733,77,93,73,115
31,1842,1414,320,96,240
31,1862,1547,340,13,17
31,1984,356,233,81,96
32,1733,77,93,73,115
32,1842,1411,320,96,240
32,1862,1547,340,13,17
32,1984,356,232,81,96
33,1733,74,90,75,120
33,1842,1411,320,96,240
33,1984,354,231,81,96
34,1733,73,90,75,120
34,1842,1411,320,96,240
34,1984,353,230,81,96
35,1733,73,90,75,120
35,1842,1411,320,96,240
35,1984,352,229,81,96
36,1733,73,90,75,120
36,1842,1411,320,96,240
36,1984,351,229,81,96
37,1733,73,90,75,120
37,1842,1411,320,96,240
37,1984,350,228,81,96
38,1733,74,90,75,120
38,1842,1411,320,96,240
38,1984,349,228,81,96
39,1733,74,90,75,120
39,1842,1411,320,96,240
39,1984,348,227,81,96
40,1733,74,90,75,120
40,1842,1411,320,96,240
40,1984,347,227,81,96
41,1733,74,89,75,120
41,1842,1411,320,96,240
41,1984,346,227,81,96
42,1733,74,89,75,120
42,1842,1411,320,96,240
42,1984,345,227,81,96
43,1733,74,89,75,120
43,1842,1411,320,96,240
43,1984,344,227,81,96
44,1733,74,89,75,120
44,1842,1411,320,96,240
44,1984,343,227,81,96
45,1733,74,89,75,120
45,1842,1411,320,96,240
45,1984,342,227,81,96
46,1733,74,89,75,120
46,1842,1411,320,96,240
46,1984,341,227,81,96
47,1733,74,89,75,120
47,1842,1411,320,96,240
47,1984,339,227,81,96
48,1733,74,89,75,120
48,1842,1411,320,96,240
48,1984,338,227,81,96
49,1733,74,89,75,120
49,1842,1411,320,96,240
49,1984,336,227,81,96
50,1733,74,89,75,120
50,1842,1411,320,96,240
50,1984,335,227,81,96
51,1733,74,89,75,120
51,1842,1411,320,96,240
51,1984,333,227,81,96
52,1733,74,90,75,120
52,1842,1411,320,96,240
52,1984,331,227,81,96
53,1733,74,90,75,120
53,1842,1411,320,96,240
53,1984,329,227,81,96
54,1733,74,91,75,120
54,1842,1411,320,96,240
54,1984,328,227,81,96
55,1733,74,91,75,120
55,1842,1411,320,96,240
55,1984,326,226,81,96
56,1733,74,92,75,120
56,1842,1411,320,96,240
56,1984,324,226,81,96
57,1733,74,92,75,120
57,1842,1411,320,96,240
57,1984,323,225,81,96
58,1733,74,92,75,120
58,1842,1411,320,96,240
58,1984,321,224,81,96
59,1733,74,92,75,120
59,1842,1411,320,96,240
59,1984,320,224,81,96
60,1733,74,92,75,120
60,1842,1411,320,96,240
60,1984,319,223,81,96
61,1733,73,92,75,120
61,1842,1411,320,96,240
61,1984,318,223,81,96
62,1733,73,92,75,120
62,1842,1411,320,96,240
62,1984,317,222,81,96
63,1733,73,92,75,120
63,1842,1411,320,96,240
63,1984,316,222,81,96
64,1733,72,92,75,120
64,1842,1411,320,96,240
64,1984,315,222,81,96
65,1733,72,92,75,120
65,1842,1411,320,96,240
65,1984,314,222,81,96
66,1733,72,92,75,120
66,1842,1411,320,96,240
66,1984,314,222,81,96
67,1733,71,91,75,120
67,1842,1411,320,96,240
67,1984,313,222,81,96
68,1733,71,91,75,120
68,1842,1411,320,96,240
68,1984,313,222,81,96
69,1733,71,91,75,120
69,1842,1411,320,96,240
69,1984,312,222,81,96
70,1733,71,91,75,120
70,1842,1411,320,96,240
70,1984,312,223,81,96
71,1733,71,91,75,120
71,1842,1411,320,96,240
71,1984,311,223,81,96
72,1733,71,92,75,120
72,1842,1411,320,96,240
72,1984,311,223,81,96
73,1733,71,94,75,120
73,1842,1411,320,96,240
73,1984,310,223,81,96
74,1733,72,96,75,120
74,1842,1411,320,96,240
74,1984,310,223,81,96
75,1733,72,98,75,120
75,1842,1411,320,96,240
75,1984,309,222,81,96
76,1733,73,100,75,120
76,1842,1411,320,96,240
76,1984,308,221,81,96
77,1733,74,103,75,120
77,1842,1411,320,96,240
77,1984,308,221,81,96
78,1733,75,105,75,120
78,1842,1411,320,96,240
78,1984,307,220,81,96
79,1733,76,107,75,120
79,1842,1411,320,96,240
79,1984,306,219,81,96
80,1733,76,108,75,120
80,1842,1411,320,96,240
80,1984,305,218,81,96
81,1733,77,110,75,120
81,1842,1411,320,96,240
81,1984,305,218,81,96
82,1733,78,112,75,120
82,1842,1411,320,96,240
82,1984,304,217,81,96
83,1733,79,115,75,120
83,1842,1411,320,96,240
83,1984,303,217,81,96
84,1733,80,117,75,120
84,1842,1411,320,96,240
84,1984,302,217,81,96
85,1733,81,119,75,120
85,1842,1411,320,96,240
85,1984,301,217,81,96
86,1733,81,121,75,120
86,1842,1411,320,96,240
86,1984,301,217,81,96
87,1733,82,122,75,120
87,1842,1411,320,96,240
87,1984,300,217,81,96
88,1733,82,122,75,120
88,1842,1411,320,96,240
88,1984,299,217,81,96
89,1733,83,123,75,120
89,1842,1411,320,96,240
89,1984,298,217,81,96
90,1733,83,124,75,120
90,1842,1411,320,96,240
90,1984,297,217,81,96
91,1733,84,125,75,120
91,1842,1411,320,96,240
91,1984,296,217,81,96
92,1733,84,126,75,120
92,1842,1411,320,96,240
92,1984,294,218,81,96
93,1733,85,127,75,120
93,1842,1411,320,96,240
93,1984,293,218,81,96
94,1733,86,129,75,120
94,1842,1411,320,96,240
94,1984,291,218,81,96
95,1733,86,131,75,120
95,1842,1411,320,96,240
95,1984,290,217,81,96
96,1733,87,133,75,120
96,1842,1411,320,96,240
96,1984,288,217,81,96
97,1733,87,135,75,120
97,1842,1411,320,96,240
97,1984,287,216,81,96
98,1733,88,137,75,120
98,1842,1411,320,96,240
98,1984,286,216,81,96
99,1733,89,140,75,120
99,1842,1411,320,96,240
99,1984,285,215,81,96
100,1733,89,142,75,120
100,1842,1411,320,96,240
100,1984,283,214,81,96
101,1733,90,145,75,120
101,1842,1411,320,96,240
101,1984,282,214,81,96
102,1733,90,146,75,120
102,1842,1411,320,96,240
102,1984,281,213,81,96
103,1733,91,147,75,120
103,1842,1411,320,96,240
103,1984,280,213,81,96
104,1733,91,147,75,120
104,1842,1411,320,96,240
104,1984,279,213,81,96
105,1733,92,147,75,120
105,1842,1411,320,96,240
105,1984,278,213,81,96
106,1733,92,148,75,120
106,1842,1411,320,96,240
106,1984,277,213,81,96
107,1733,93,149,75,120
107,1842,1411,320,96,240
107,1984,277,213,81,96
108,1733,94,150,75,120
108,1842,1411,320,96,240
108,1984,276,213,81,96
109,1733,95,152,75,120
109,1842,1411,320,96,240
109,1984,275,213,81,96
110,1733,96,154,75,120
110,1842,1411,320,96,240
110,1984,275,213,81,96
111,1733,97,156,75,120
111,1842,1411,320,96,240
111,1984,274,213,81,96
112,1733,98,158,75,120
112,1842,1411,320,96,240
112,1984,274,213,81,96
113,1733,99,161,75,120
113,1842,1411,320,96,240
113,1984,273,213,81,96
114,1733,100,163,75,120
114,1842,1411,320,96,240
114,1984,273,213,81,96
115,1733,101,165,75,120
115,1842,1411,320,96,240
115,1984,272,213,81,96
116,1733,102,167,75,120
116,1842,1411,320,96,240
116,1984,272,213,81,96
117,1733,103,168,75,120
117,1842,1411,320,96,240
117,1984,271,213,81,96
118,1733,103,168,75,120
118,1842,1411,320,96,240
118,1984,270,213,81,96
119,1733,104,169,75,120
119,1842,1411,320,96,240
119,1984,270,212,81,96
120,1733,104,169,75,120
120,1842,1411,320,96,240
120,1984,269,212,81,96
121,1733,105,170,75,120
121,1842,1411,320,96,240
121,1984,268,211,81,96
122,1733,106,171,75,120
122,1842,1411,320,96,240
122,1984,268,211,81,96
123,1733,106,172,75,120
123,1842,1411,320,96,240
123,1984,267,210,81,96
124,1733,107,173,75,120
124,1842,1411,320,96,240
124,1984,266,210,81,96
125,1733,108,175,75,120
125,1842,1411,320,96,240
125,1984,265,209,81,96
126,1733,109,177,75,120
126,1842,1411,320,96,240
126,1984,264,209,81,96
127,1733,110,179,75,120
127,1842,1411,320,96,240
127,1984,264,209,81,96
128,1733,111,182,75,120
128,1842,1411,320,96,240
128,1984,263,209,81,96
129,1733,112,184,75,120
129,1842,1411,320,96,240
129,1984,262,209,81,96
130,1733,113,187,75,120
130,1842,1411,320,96,240
130,1984,261,209,81,96
131,1733,114,189,75,120
131,1842,1411,320,96,240
131,1984,260,209,81,96
132,1733,114,191,75,120
132,1842,1411,320,96,240
132,1984,259,209,81,96
133,1733,115,192,75,120
133,1842,1411,320,96,240
133,1984,258,209,81,96
134,1733,115,193,75,120
134,1842,1411,320,96,240
134,1984,257,209,81,96
135,1733,115,194,75,120
135,1842,1411,320,96,240
135,1984,256,209,81,96
136,1733,116,195,75,120
136,1842,1411,320,96,240
136,1984,254,209,81,96
137,1733,116,194,75,120
137,1842,1411,320,96,240
137,1984,253,209,81,96
138,1733,116,193,75,120
138,1842,1411,320,96,240
138,1984,252,209,81,96
139,1733,116,192,75,120
139,1842,1411,320,96,240
139,1984,250,209,81,96
140,1733,116,192,75,120
140,1842,1411,320,96,240
140,1984,249,209,81,96
141,1733,116,192,75,120
141,1842,1411,320,96,240
141,1984,247,208,81,96
142,1733,116,192,75,120
142,1842,1411,320,96,240
142,1984,245,208,81,96
143,1733,117,192,75,120
143,1842,1411,320,96,240
143,1984,244,207,81,96
144,1733,117,192,75,120
144,1842,1411,320,96,240
144,1984,243,207,81,96
145,1733,118,192,75,120
145,1842,1411,320,96,240
145,1984,242,206,81,96
146,1733,118,192,75,120
146,1842,1411,320,96,240
146,1984,241,206,81,96
147,1733,119,192,75,120
147,1842,1411,320,96,240
147,1984,240,205,81,96
148,1733,119,192,75,120
148,1842,1411,320,96,240
148,1984,239,205,81,96
149,1733,120,192,75,120
149,1842,1411,320,96,240
149,1984,238,205,81,96
150,1733,120,191,75,120
150,1842,1411,320,96,240
150,1984,238,205,81,96
151,1733,121,191,75,120
151,1842,1411,320,96,240
151,1984,237,205,81,96
152,1733,121,191,75,120
152,1842,1411,320,96,240
152,1984,237,205,81,96
153,1733,122,191,75,120
153,1842,1411,320,96,240
153,1984,236,205,81,96
154,1733,122,191,75,120
154,1842,1411,320,96,240
154,1984,236,205,81,96
155,1733,122,191,75,120
155,1842,1411,320,96,240
155,1984,236,205,81,96
156,1733,123,191,75,120
156,1842,1411,320,96,240
156,1984,235,205,81,96
157,1733,123,191,75,120
157,1842,1411,320,96,240
157,1984,235,205,81,96
158,1733,124,191,75,120
158,1842,1411,320,96,240
158,1984,235,205,81,96
159,1733,124,191,75,120
159,1842,1411,320,96,240
159,1984,235,205,81,96
160,1733,125,192,75,120
160,1842,1411,320,96,240
160,1984,234,205,81,96
161,1733,125,192,75,120
161,1842,1411,320,96,240
161,1984,234,205,81,96
162,1733,126,193,75,120
162,1842,1411,320,96,240
162,1984,234,204,81,96
163,1733,126,194,75,120
163,1842,1411,320,96,240
163,1984,233,204,81,96
164,1733,127,195,75,120
164,1842,1411,320,96,240
164,1984,233,203,81,96
165,1733,127,195,75,120
165,1842,1411,320,96,240
165,1984,232,202,81,96
166,1733,128,196,75,120
166,1842,1411,320,96,240
166,1984,232,201,81,96
167,1733,128,196,75,120
167,1842,1411,320,96,240
167,1984,231,201,81,96
168,1733,128,196,75,120
168,1842,1411,320,96,240
168,1984,231,200,81,96
169,1733,128,196,75,120
169,1842,1411,320,96,240
169,1984,230,200,81,96
170,1733,128,196,75,120
170,1842,1411,320,96,240
170,1984,230,199,81,96
171,1733,128,196,75,120
171,1842,1411,320,96,240
171,1984,229,199,81,96
172,1733,128,196,75,120
172,1842,1411,320,96,240
172,1984,228,199,81,96
173,1733,128,196,75,120
173,1842,1411,320,96,240
173,1984,228,199,81,96
174,1733,129,196,75,120
174,1842,1411,320,96,240
174,1984,227,199,81,96
175,1733,129,196,75,120
175,1842,1411,320,96,240
175,1984,226,199,81,96
176,1733,129,196,75,120
176,1842,1411,320,96,240
176,1984,226,199,81,96
177,1733,129,196,75,120
177,1842,1411,320,96,240
177,1984,225,199,81,96
178,1733,129,196,75,120
178,1842,1411,320,96,240
178,1984,224,199,81,96
179,1733,129,196,75,120
179,1842,1411,320,96,240
179,1984,223,199,81,96
180,1733,130,196,75,120
180,1842,1411,320,96,240
180,1984,222,199,81,96
181,1733,130,196,75,120
181,1842,1411,320,96,240
181,1984,221,199,81,96
182,1733,130,196,75,120
182,1842,1411,320,96,240
182,1984,220,199,81,96
183,1733,130,197,75,120
183,1842,1411,320,96,240
183,1984,218,198,81,96
184,1733,131,197,75,120
184,1842,1411,320,96,240
184,1984,217,198,81,96
185,1733,131,197,75,120
185,1842,1411,320,96,240
185,1984,216,197,81,96
186,1733,131,197,75,120
186,1842,1411,320,96,240
186,1984,215,197,81,96
187,1733,131,197,75,120
187,1842,1411,320,96,240
187,1984,214,196,81,96
188,1733,132,197,75,120
188,1842,1411,320,96,240
188,1984,213,196,81,96
189,1733,132,197,75,120
189,1842,1411,320,96,240
189,1984,212,195,81,96
190,1733,133,197,75,120
190,1842,1411,320,96,240
190,1984,211,195,81,96
191,1733,133,197,75,120
191,1842,1411,320,96,240
191,1984,211,195,81,96
192,1733,134,197,75,120
192,1842,1411,320,96,240
192,1984,210,195,81,96
193,1733,135,197,75,120
193,1842,1411,320,96,240
193,1984,209,195,81,96
194,1733,135,197,75,120
194,1842,1411,320,96,240
194,1984,209,195,81,96
195,1733,136,197,75,120
195,1842,1411,320,96,240
195,1984,208,195,81,96
196,1733,136,197,75,120
196,1842,1411,320,96,240
196,1984,208,195,81,96
197,1733,137,197,75,120
197,1842,1411,320,96,240
197,1984,207,195,81,96
198,1733,137,197,75,120
198,1842,1411,320,96,240
198,1984,207,195,81,96
199,1733,138,197,75,120
199,1842,1411,320,96,240
199,1984,206,195,81,96
200,1733,138,197,75,120
200,1842,1411,320,96,240
200,1984,206,195,81,96
201,1733,139,197,75,120
201,1842,1411,320,96,240
201,1984,205,195,81,96
202,1733,139,197,75,120
202,1842,1411,320,96,240
202,1984,205,195,81,96
203,1733,139,197,75,120
203,1842,1411,320,96,240
203,1984,204,195,81,96
204,1733,140,197,75,120
204,1842,1411,320,96,240
204,1984,204,195,81,96
205,1733,140,197,75,120
205,1842,1411,320,96,240
205,1984,203,195,81,96
206,1733,141,197,75,120
206,1842,1411,320,96,240
206,1984,203,194,81,96
207,1733,141,198,75,120
207,1842,1411,320,96,240
207,1984,202,194,81,96
208,1733,142,198,75,120
208,1842,1411,320,96,240
208,1984,201,193,81,96
209,1733,142,199,75,120
209,1842,1411,320,96,240
209,1984,200,193,81,96
210,1733,142,199,75,120
210,1842,1411,320,96,240
210,1984,200,192,81,96
211,1733,143,199,75,120
211,1842,1411,320,96,240
211,1984,199,192,81,96
212,1733,143,200,75,120
212,1842,1411,320,96,240
212,1984,198,191,81,96
213,1733,143,200,75,120
213,1842,1411,320,96,240
213,1984,197,191,81,96
214,1733,143,200,75,120
214,1842,1411,320,96,240
214,1984,197,191,81,96
215,1733,143,200,75,120
215,1842,1411,320,96,240
215,1984,196,191,81,96
216,1733,143,200,75,120
216,1842,1411,320,96,240
216,1984,195,191,81,96
217,1733,143,200,75,120
217,1842,1411,320,96,240
217,1984,194,191,81,96
218,1733,143,200,75,120
218,1842,1411,320,96,240
218,1984,193,191,81,96
219,1733,143,200,75,120
219,1842,1411,320,96,240
219,1984,192,191,81,96
220,1733,143,200,75,120
220,1842,1411,320,96,240
220,1984,191,191,81,96
221,1733,143,200,75,120
221,1842,1411,320,96,240
221,1984,190,191,81,96
222,1733,143,200,75,120
222,1842,1411,320,96,240
222,1984,189,191,81,96
223,1733,144,200,75,120
223,1842,1411,320,96,240
223,1984,188,191,81,96
223,2006,1552,321,58,90
224,1733,144,200,75,120
224,1842,1411,320,96,240
224,1984,187,191,81,96
224,2006,1552,321,58,90
225,1733,144,200,75,120
225,1842,1411,320,96,240
225,1984,186,191,81,96
225,2006,1552,321,58,90
226,1733,145,200,75,120
226,1842,1411,320,96,240
226,1984,184,191,81,96
226,2006,1552,321,58,90
227,1733,146,200,75,120
227,1842,1411,320,96,240
227,1984,183,191,81,96
227,2006,1552,321,58,90
228,1733,146,201,75,120
228,1842,1411,320,96,240
228,1984,182,191,81,96
228,2006,1552,321,58,90
229,1733,147,201,75,120
229,1842,1411,320,96,240
229,1984,180,190,81,96
229,2006,1552,321,58,90
230,1733,149,202,75,120
230,1842,1411,320,96,240
230,1984,179,190,81,96
230,2006,1552,321,58,90
231,1733,150,203,75,120
231,1842,1411,320,96,240
231,1984,178,189,81,96
231,2006,1552,321,58,90
232,1733,151,203,75,120
232,1842,1411,320,96,240
232,1984,177,189,81,96
232,2006,1552,321,58,90
233,1733,152,203,75,120
233,1842,1411,320,96,240
233,1984,177,189,81,96
233,2006,1552,321,58,90
234,1733,154,203,75,120
234,1842,1411,320,96,240
234,1984,176,188,81,96
234,2006,1552,321,58,90
235,1733,155,203,75,120
235,1842,1411,320,96,240
235,1984,176,188,81,96
235,2006,1552,321,58,90
236,1733,157,203,75,120
236,1842,1411,320,96,240
236,1984,176,188,81,96
236,2006,1552,321,58,90
237,1733,158,203,75,120
237,1842,1411,320,96,240
237,1984,175,188,81,96
237,2006,1552,321,58,90
238,1733,160,203,75,120
238,1842,1411,320,96,240
238,1984,175,188,81,96
238,2006,1552,321,58,90
239,1733,161,203,75,120
239,1842,1411,320,96,240
239,1984,175,188,81,96
239,2006,1552,321,58,90
240,1733,162,203,75,120
240,1842,1411,320,96,240
240,1984,175,188,81,96
240,2006,1552,321,58,90
241,1733,163,203,75,120
241,1842,1411,320,96,240
241,1984,175,188,81,96
241,2006,1552,321,58,90
242,1733,164,203,75,120
242,1842,1411,320,96,240
242,1984,175,188,81,96
242,2006,1552,321,58,90
243,1733,165,203,75,120
243,1842,1411,320,96,240
243,1984,175,188,81,96
243,2006,1552,321,58,90
244,1733,165,203,75,120
244,1842,1411,320,96,240
244,1984,175,188,81,96
244,2006,1552,321,58,90
245,1733,166,203,75,120
245,1842,1411,320,96,240
245,1984,175,188,81,96
245,2006,1552,321,58,90
246,1733,166,203,75,120
246,1842,1411,320,96,240
246,1984,175,188,81,96
246,2006,1552,321,58,90
247,1733,167,203,75,120
247,1842,1411,320,96,240
247,1984,176,188,81,96
247,2006,1552,321,58,90
248,1733,167,203,75,120
248,1842,1411,320,96,240
248,1984,176,188,81,96
248,2006,1552,321,58,90
249,1733,167,203,75,120
249,1842,1411,320,96,240
249,1984,176,188,81,96
249,2006,1552,321,58,90
250,1733,167,203,75,120
250,1842,1411,320,96,240
250,1984,176,188,81,96
250,2006,1552,321,58,90
251,1733,167,203,75,120
251,1842,1411,320,96,240
251,1984,176,188,81,96
251,2006,1552,321,58,90
252,1733,167,203,75,120
252,1842,1411,320,96,240
252,1984,176,188,81,96
252,2006,1552,321,58,90
253,1733,167,203,75,120
253,1842,1411,320,96,240
253,1984,176,188,81,96
253,2006,1552,321,58,90
254,1733,167,203,75,120
254,1842,1411,320,96,240
254,1984,176,188,81,96
254,2006,1552,321,58,90
255,1733,167,203,75,120
255,1842,1411,320,96,240
255,1984,176,188,81,96
255,2006,1552,321,58,90
256,1733,167,203,75,120
256,1842,1411,320,96,240
256,1984,176,188,81,96
256,2006,1552,321,58,90
257,1733,167,203,75,120
257,1842,1411,320,96,240
257,1984,176,188,81,96
257,2006,1552,321,58,90
258,1733,167,203,75,120
258,1842,1411,320,96,240
258,1984,176,188,81,96
258,2006,1552,321,58,90
259,1733,167,203,75,120
259,1842,1411,320,96,240
259,1984,176,188,81,96
259,2006,1552,321,58,90
260,1733,167,203,75,120
260,1842,1411,320,96,240
260,1984,176,188,81,96
260,2006,1552,321,58,90
261,1733,167,203,75,120
261,1842,1411,320,96,240
261,1984,176,188,81,96
261,2006,1552,321,58,90
262,1733,167,203,75,120
262,1842,1411,320,96,240
262,1984,176,188,81,96
262,2006,1552,321,58,90
263,1733,167,203,75,120
263,1842,1411,320,96,240
263,1984,176,188,81,96
263,2006,1552,321,58,90
264,1733,167,203,75,120
264,1842,1411,320,96,240
264,1984,176,188,81,96
264,2006,1552,321,58,90
265,1733,167,203,75,120
265,1842,1411,320,96,240
265,1984,177,188,81,96
265,2006,1552,321,58,90
266,1733,168,203,75,120
266,1842,1411,320,96,240
266,1984,178,188,81,96
266,2006,1552,321,58,90
267,1733,169,203,75,120
267,1842,1411,320,96,240
267,1984,179,188,81,96
267,2006,1552,321,58,90
268,1733,170,203,75,120
268,1842,1411,320,96,240
268,1984,180,188,81,96
268,2006,1552,321,58,90
269,1733,172,203,75,120
269,1842,1411,320,96,240
269,1984,181,188,81,96
269,2006,1552,321,58,90
270,1733,173,203,75,120
270,1842,1411,320,96,240
270,1984,183,188,81,96
270,2006,1552,321,58,90
271,1733,174,203,75,120
271,1842,1411,320,96,240
271,1984,184,189,81,96
271,2006,1552,321,58,90
272,1733,176,204,75,120
272,1842,1411,320,96,240
272,1984,186,190,81,96
272,2006,1552,321,58,90
273,1733,177,204,75,120
273,1842,1411,320,96,240
273,1984,188,191,81,96
273,2006,1552,321,58,90
274,1733,179,205,75,120
274,1842,1411,320,96,240
274,1984,190,192,81,96
274,2006,1552,321,58,90
275,1733,180,205,75,120
275,1842,1411,320,96,240
275,1984,191,193,81,96
275,2006,1552,321,58,90
276,1733,181,206,75,120
276,1842,1411,320,96,240
276,1984,193,194,81,96
276,2006,1552,321,58,90
277,1733,182,206,75,120
277,1842,1411,320,96,240
277,1984,194,194,81,96
277,2006,1552,321,58,90
278,1733,184,207,75,120
278,1842,1411,320,96,240
278,1984,196,194,81,96
278,2006,1552,321,58,90
279,1733,186,207,75,120
279,1842,1411,320,96,240
279,1984,198,194,81,96
279,2006,1552,321,58,90
280,1733,188,207,75,120
280,1842,1411,320,96,240
280,1984,200,194,81,96
280,2006,1552,321,58,90
281,1733,189,207,75,120
281,1842,1411,320,96,240
281,1984,202,194,81,96
281,2006,1552,321,58,90
282,1733,191,207,75,120
282,1842,1411,320,96,240
282,1984,204,194,81,96
282,2006,1552,321,58,90
283,1733,193,207,75,120
283,1842,1411,320,96,240
283,1984,206,194,81,96
283,2006,1552,321,58,90
284,1733,195,207,75,120
284,1842,1411,320,96,240
284,1984,208,194,81,96
284,2006,1552,321,58,90
285,1733,196,207,75,120
285,1842,1411,320,96,240
285,1984,210,194,81,96
285,2006,1552,321,58,90
286,1733,198,207,75,120
286,1842,1411,320,96,240
286,1984,211,194,81,96
286,2006,1552,321,58,90
287,1733,199,207,75,120
287,1842,1411,320,96,240
287,1984,212,194,81,96
287,2006,1552,321,58,90
288,1733,200,207,75,120
288,1842,1411,320,96,240
288,1984,213,194,81,96
288,2006,1552,321,58,90
289,1733,201,207,75,120
289,1842,1411,320,96,240
289,1984,214,194,81,96
289,2006,1552,321,58,90
290,1733,202,207,75,120
290,1842,1411,320,96,240
290,1984,215,194,81,96
290,2006,1552,321,58,90
291,1733,203,207,75,120
291,1842,1411,320,96,240
291,1984,216,194,81,96
291,2006,1552,321,58,90
292,1733,203,207,75,120
292,1842,1411,320,96,240
292,1984,217,193,81,96
292,2006,1552,321,58,90
293,1733,204,207,75,120
293,1842,1411,320,96,240
293,1984,218,193,81,96
293,2006,1552,321,58,90
294,1733,205,207,75,120
294,1842,1411,320,96,240
294,1984,219,194,81,96
294,2006,1552,321,58,90
295,1733,206,208,75,120
295,1842,1411,320,96,240
295,1984,220,194,81,96
295,2006,1552,321,58,90
296,1733,207,208,75,120
296,1842,1411,320,96,240
296,1984,221,195,81,96
296,2006,1552,321,58,90
297,1733,208,209,75,120
297,1842,1411,320,96,240
297,1984,222,195,81,96
297,2006,1552,321,58,90
298,1733,209,210,75,120
298,1842,1411,320,96,240
298,1984,223,196,81,96
298,2006,1552,321,58,90
299,1733,210,210,75,120
299,1842,1411,320,96,240
299,1984,224,196,81,96
299,2006,1552,321,58,90
300,1733,211,211,75,120
300,1842,1411,320,96,240
300,1984,225,197,81,96
300,2006,1552,321,58,90
301,1733,211,211,75,120
301,1842,1411,320,96,240
301,1984,225,197,81,96
301,2006,1552,321,58,90
302,1733,212,212,75,120
302,1842,1411,320,96,240
302,1984,226,197,81,96
302,2006,1552,321,58,90
303,1733,212,212,75,120
303,1842,1411,320,96,240
303,1984,227,197,81,96
303,2006,1552,321,58,90
304,1733,213,212,75,120
304,1842,1411,320,96,240
304,1984,227,197,81,96
304,2006,1552,321,58,90
305,1733,213,212,75,120
305,1842,1411,320,96,240
305,1984,228,197,81,96
305,2006,1552,321,58,90
306,1733,214,212,75,120
306,1842,1411,320,96,240
306,1984,228,197,81,96
306,2006,1552,321,58,90
307,1733,214,213,75,120
307,1842,1411,320,96,240
307,1984,229,197,81,96
307,2006,1552,321,58,90
308,1733,215,213,75,120
308,1842,1411,320,96,240
308,1984,230,197,81,96
308,2006,1552,321,58,90
309,1733,216,213,75,120
309,1842,1411,320,96,240
309,1984,230,197,81,96
309,2006,1552,321,58,90
310,1733,217,213,75,120
310,1842,1411,320,96,240
310,1984,231,197,81,96
310,2006,1552,321,58,90
311,1733,218,213,75,120
311,1842,1411,320,96,240
311,1984,232,197,81,96
311,2006,1552,321,58,90
312,1733,218,213,75,120
312,1842,1411,320,96,240
312,1984,233,197,81,96
312,2006,1552,321,58,90
313,1733,219,213,75,120
313,1842,1411,320,96,240
313,1984,234,197,81,96
313,2006,1552,321,58,90
314,1733,220,213,75,120
314,1842,1411,320,96,240
314,1984,235,197,81,96
314,2006,1552,321,58,90
315,1733,221,213,75,120
315,1842,1411,320,96,240
315,1984,236,197,81,96
315,2006,1552,321,58,90
316,1733,222,213,75,120
316,1842,1411,320,96,240
316,1984,237,197,81,96
316,2006,1552,321,58,90
317,1733,224,214,75,120
317,1842,1411,320,96,240
317,1984,238,198,81,96
317,2006,1552,321,58,90
318,1733,225,214,75,120
318,1842,1411,320,96,240
318,1984,240,199,81,96
318,2006,1552,321,58,90
319,1733,227,215,75,120
319,1842,1411,320,96,240
319,1984,241,200,81,96
319,2006,1552,321,58,90
320,1733,228,216,75,120
320,1842,1411,320,96,240
320,1984,243,201,81,96
320,2006,1552,321,58,90
321,1733,230,217,75,120
321,1842,1411,320,96,240
321,1984,244,202,81,96
321,2006,1552,321,58,90
322,1733,232,217,75,120
322,1842,1411,320,96,240
322,1984,246,202,81,96
322,2006,1552,321,58,90
323,1733,233,217,75,120
323,1842,1411,320,96,240
323,1984,248,203,81,96
323,2006,1552,321,58,90
324,1733,235,217,75,120
324,1842,1411,320,96,240
324,1984,249,203,81,96
324,2006,1552,321,58,90
325,1733,237,217,75,120
325,1842,1411,320,96,240
325,1984,251,203,81,96
325,2006,1552,321,58,90
326,1733,239,217,75,120
326,1842,1411,320,96,240
326,1984,253,203,81,96
326,2006,1552,321,58,90
327,1733,240,217,75,120
327,1842,1411,320,96,240
327,1984,255,203,81,96
327,2006,1552,321,58,90
328,1733,242,217,75,120
328,1842,1411,320,96,240
328,1984,257,203,81,96
328,2006,1552,321,58,90
329,1733,244,217,75,120
329,1842,1411,320,96,240
329,1984,258,203,81,96
329,2006,1552,321,58,90
330,1733,245,217,75,120
330,1842,1411,320,96,240
330,1984,260,203,81,96
330,2006,1552,321,58,90
331,1733,247,217,75,120
331,1842,1411,320,96,240
331,1984,261,203,81,96
331,2006,1552,321,58,90
332,1733,248,217,75,120
332,1842,1411,320,96,240
332,1984,262,203,81,96
332,2006,1552,321,58,90
333,1733,249,217,75,120
333,1842,1411,320,96,240
333,1984,263,203,81,96
333,2006,1552,321,58,90
334,1733,250,216,75,120
334,1842,1411,320,96,240
334,1984,264,202,81,96
334,2006,1552,321,58,90
335,1733,251,216,75,120
335,1842,1411,320,96,240
335,1984,265,202,81,96
335,2006,1552,321,58,90
336,1733,252,216,75,120
336,1842,1411,320,96,240
336,1984,266,202,81,96
336,2006,1552,321,58,90
337,1733,252,216,75,120
337,1842,1411,320,96,240
337,1984,267,202,81,96
337,2006,1552,321,58,90
338,1733,253,216,75,120
338,1842,1411,320,96,240
338,1984,268,202,81,96
338,2006,1552,321,58,90
339,1733,254,217,75,120
339,1842,1411,320,96,240
339,1984,269,202,81,96
339,2006,1552,321,58,90
340,1733,255,218,75,120
340,1842,1411,320,96,240
340,1984,270,203,81,96
340,2006,1552,321,58,90
341,1733,256,219,75,120
341,1842,1411,320,96,240
341,1984,271,204,81,96
341,2006,1552,321,58,90
342,1733,257,220,75,120
342,1842,1411,320,96,240
342,1984,272,205,81,96
342,2006,1552,321,58,90
343,1733,258,221,75,120
343,1842,1411,320,96,240
343,1984,273,206,81,96
343,2006,1552,321,58,90
344,1733,259,222,75,120
344,1842,1411,320,96,240
344,1984,274,207,81,96
344,2006,1552,321,58,90
345,1733,259,223,75,120
345,1842,1411,320,96,240
345,1984,275,207,81,96
345,2006,1552,321,58,90
346,1733,260,223,75,120
346,1842,1411,320,96,240
346,1984,275,208,81,96
346,2006,1552,321,58,90
347,1733,260,224,75,120
347,1842,1411,320,96,240
347,1984,276,208,81,96
347,2006,1552,321,58,90
348,1733,260,224,75,120
348,1842,1411,320,96,240
348,1984,276,208,81,96
348,2006,1552,321,58,90
349,1733,261,224,75,120
349,1842,1411,320,96,240
349,1984,277,208,81,96
349,2006,1552,321,58,90
350,1733,261,224,75,120
350,1842,1411,320,96,240
350,1984,277,208,81,96
350,2006,1552,321,58,90
351,1733,261,224,75,120
351,1842,1411,320,96,240
351,1984,277,208,81,96
351,2006,1552,321,58,90
352,1733,262,224,75,120
352,1842,1411,320,96,240
352,1984,278,208,81,96
352,2006,1552,321,58,90
353,1733,262,224,75,120
353,1842,1411,320,96,240
353,1984,278,208,81,96
353,2006,1552,321,58,90
354,1733,263,224,75,120
354,1842,1411,320,96,240
354,1984,279,208,81,96
354,2006,1552,321,58,90
355,1733,264,224,75,120
355,1842,1411,320,96,240
355,1984,280,208,81,96
355,2006,1552,321,58,90
356,1733,264,224,75,120
356,1842,1411,320,96,240
356,1984,280,208,81,96
356,2006,1552,321,58,90
357,1733,265,224,75,120
357,1842,1411,320,96,240
357,1984,281,208,81,96
357,2006,1552,321,58,90
358,1733,266,224,75,120
358,1842,1411,320,96,240
358,1984,282,208,81,96
358,2006,1552,321,58,90
359,1733,267,224,75,120
359,1842,1411,320,96,240
359,1984,283,208,81,96
359,2006,1552,321,58,90
360,1733,268,224,75,120
360,1842,1411,320,96,240
360,1984,284,208,81,96
360,2006,1552,321,58,90
361,1733,270,224,75,120
361,1842,1411,320,96,240
361,1984,285,208,81,96
361,2006,1552,321,58,90
362,1733,271,225,75,120
362,1842,1411,320,96,240
362,1984,287,209,81,96
362,2006,1552,321,58,90
363,1733,272,225,75,120
363,1842,1411,320,96,240
363,1984,288,210,81,96
363,2006,1552,321,58,90
364,1733,274,226,75,120
364,1842,1411,320,96,240
364,1984,290,211,81,96
364,2006,1552,321,58,90
365,1733,276,227,75,120
365,1842,1411,320,96,240
365,1984,291,212,81,96
365,2006,1552,321,58,90
366,1733,278,228,75,120
366,1842,1411,320,96,240
366,1984,293,213,81,96
366,2006,1552,321,58,90
367,1733,280,228,75,120
367,1842,1411,320,96,240
367,1984,295,214,81,96
367,2006,1552,321,58,90
368,1733,282,229,75,120
368,1842,1411,320,96,240
368,1984,297,214,81,96
368,2006,1552,321,58,90
369,1733,284,229,75,120
369,1842,1411,320,96,240
369,1984,299,214,81,96
369,2006,1552,321,58,90
370,1733,286,229,75,120
370,1842,1411,320,96,240
370,1984,301,214,81,96
370,2006,1552,321,58,90
371,1733,288,229,75,120
371,1842,1411,320,96,240
371,1984,303,214,81,96
371,2006,1552,321,58,90
372,1733,290,229,75,120
372,1842,1411,320,96,240
372,1984,305,214,81,96
372,2006,1552,321,58,90
373,1733,292,228,75,120
373,1842,1411,320,96,240
373,1984,307,214,81,96
373,2006,1552,321,58,90
374,1733,294,228,75,120
374,1842,1411,320,96,240
374,1984,309,214,81,96
374,2006,1552,321,58,90
375,1733,296,228,75,120
375,1842,1411,320,96,240
375,1984,311,214,81,96
375,2006,1552,321,58,90
376,1733,298,228,75,120
376,1842,1411,320,96,240
376,1984,313,214,81,96
376,2006,1552,321,58,90
377,1733,299,228,75,120
377,1842,1411,320,96,240
377,1984,314,214,81,96
377,2006,1552,321,58,90
378,1733,300,228,75,120
378,1842,1411,320,96,240
378,1984,316,214,81,96
378,2006,1552,321,58,90
379,1733,301,228,75,120
379,1842,1411,320,96,240
379,1984,317,214,81,96
379,2006,1552,321,58,90
380,1733,303,228,75,120
380,1842,1411,320,96,240
380,1984,318,214,81,96
380,2006,1552,321,58,90
381,1733,304,228,75,120
381,1842,1411,320,96,240
381,1984,320,213,81,96
381,2006,1552,321,58,90
382,1733,305,228,75,120
382,1842,1411,320,96,240
382,1984,321,213,81,96
382,2006,1552,321,58,90
383,1733,306,228,75,120
383,1842,1411,320,96,240
383,1984,322,213,81,96
383,2006,1552,321,58,90
384,1733,307,228,75,120
384,1842,1411,320,96,240
384,1984,323,213,81,96
384,2006,1552,321,58,90
385,1733,308,229,75,120
385,1842,1411,320,96,240
385,1984,325,214,81,96
385,2006,1552,321,58,90
386,1733,310,229,75,120
386,1842,1411,320,96,240
386,1984,326,214,81,96
386,2006,1552,321,58,90
387,1733,311,230,75,120
387,1842,1411,320,96,240
387,1984,327,215,81,96
387,2006,1552,321,58,90
388,1733,312,231,75,120
388,1842,1411,320,96,240
388,1984,329,216,81,96
388,2006,1552,321,58,90
389,1733,313,232,75,120
389,1842,1411,320,96,240
389,1984,330,217,81,96
389,2006,1552,321,58,90
390,1733,314,233,75,120
390,1842,1411,320,96,240
390,1984,331,217,81,96
390,2006,1552,321,58,90
391,1733,315,233,75,120
391,1842,1411,320,96,240
391,1984,332,218,81,96
391,2006,1552,321,58,90
392,1733,316,234,75,120
392,1842,1411,320,96,240
392,1984,333,218,81,96
392,2006,1552,321,58,90
393,1733,317,234,75,120
393,1842,1411,320,96,240
393,1984,334,218,81,96
393,2006,1552,321,58,90
394,1733,318,234,75,120
394,1842,1411,320,96,240
394,1984,334,218,81,96
394,2006,1552,321,58,90
395,1733,319,234,75,120
395,1842,1411,320,96,240
395,1984,335,218,81,96
395,2006,1552,321,58,90
396,1733,320,234,75,120
396,1842,1411,320,96,240
396,1984,336,218,81,96
396,2006,1552,321,58,90
397,1733,321,234,75,120
397,1842,1411,320,96,240
397,1984,337,218,81,96
397,2006,1552,321,58,90
398,1733,322,234,75,120
398,1842,1411,320,96,240
398,1984,338,218,81,96
398,2006,1552,321,58,90
399,1733,324,234,75,120
399,1842,1411,320,96,240
399,1984,340,218,81,96
399,2006,1552,321,58,90
400,1733,325,234,75,120
400,1842,1411,320,96,240
400,1984,341,218,81,96
400,2006,1552,321,58,90
401,1733,327,234,75,120
401,1842,1411,320,96,240
401,1984,343,218,81,96
401,2006,1552,321,58,90
402,1733,328,234,75,120
402,1842,1411,320,96,240
402,1984,344,218,81,96
402,2006,1552,321,58,90
403,1733,330,234,75,120
403,1842,1411,320,96,240
403,1984,345,218,81,96
403,2006,1552,321,58,90
404,1733,331,234,75,120
404,1842,1411,320,96,240
404,1984,347,218,81,96
404,2006,1552,321,58,90
405,1733,332,234,75,120
405,1842,1411,320,96,240
405,1984,348,219,81,96
405,2006,1552,321,58,90
406,1733,334,234,75,120
406,1842,1411,320,96,240
406,1984,350,219,81,96
406,2006,1552,321,58,90
407,1733,335,235,75,120
407,1842,1411,320,96,240
407,1984,351,220,81,96
407,2006,1552,321,58,90
408,1733,337,235,75,120
408,1842,1411,320,96,240
408,1984,353,220,81,96
408,2006,1552,321,58,90
409,1733,339,236,75,120
409,1842,1411,320,96,240
409,1984,355,221,81,96
409,2006,1552,321,58,90
410,1733,341,237,75,120
410,1842,1411,320,96,240
410,1984,357,222,81,96
410,2006,1552,321,58,90
411,1733,343,238,75,120
411,1842,1411,320,96,240
411,1984,359,223,81,96
411,2006,1552,321,58,90
412,1733,345,238,75,120
412,1842,1411,320,96,240
412,1984,361,224,81,96
412,2006,1552,321,58,90
413,1733,347,239,75,120
413,1842,1411,320,96,240
413,1984,363,224,81,96
413,2006,1552,321,58,90
414,1733,349,239,75,120
414,1842,1411,320,96,240
414,1984,365,224,81,96
414,2006,1552,321,58,90
415,1733,351,239,75,120
415,1842,1411,320,96,240
415,1984,367,224,81,96
415,2006,1552,321,58,90
416,1733,353,239,75,120
416,1842,1411,320,96,240
416,1984,370,224,81,96
416,2006,1552,321,58,90
417,1733,356,238,75,120
417,1842,1411,320,96,240
417,1984,372,224,81,96
417,2006,1552,321,58,90
418,1733,358,238,75,120
418,1842,1411,320,96,240
418,1984,374,223,81,96
418,2006,1552,321,58,90
419,1733,360,238,75,120
419,1842,1411,320,96,240
419,1984,377,223,81,96
419,2006,1552,321,58,90
420,1733,362,237,75,120
420,1842,1411,320,96,240
420,1984,379,222,81,96
420,2006,1552,321,58,90
421,1733,364,237,75,120
421,1842,1411,320,96,240
421,1984,381,222,81,96
421,2006,1552,321,58,90
422,1733,366,237,75,120
422,1842,1411,320,96,240
422,1984,383,222,81,96
422,2006,1552,321,58,90
423,1733,367,237,75,120
423,1842,1411,320,96,240
423,1984,384,222,81,96
423,2006,1552,321,58,90
424,1733,369,237,75,120
424,1842,1411,320,96,240
424,1984,386,222,81,96
424,2006,1552,321,58,90
425,1733,370,237,75,120
425,1842,1411,320,96,240
425,1984,387,222,81,96
425,2006,1552,321,58,90
426,1733,371,237,75,120
426,1842,1411,320,96,240
426,1984,388,222,81,96
426,2006,1552,321,58,90
427,1733,372,237,75,120
427,1842,1411,320,96,240
427,1984,389,222,81,96
427,2006,1552,321,58,90
428,1733,373,237,75,120
428,1842,1411,320,96,240
428,1984,390,222,81,96
428,2006,1552,321,58,90
429,1733,374,237,75,120
429,1842,1411,320,96,240
429,1984,391,222,81,96
429,2006,1552,321,58,90
430,1733,375,238,75,120
430,1842,1411,320,96,240
430,1984,392,222,81,96
430,2006,1552,321,58,90
431,1733,376,238,75,120
431,1842,1411,320,96,240
431,1984,393,223,81,96
431,2006,1552,321,58,90
432,1733,377,239,75,120
432,1842,1411,320,96,240
432,1984,394,224,81,96
432,2006,1552,321,58,90
433,1733,378,240,75,120
433,1842,1411,320,96,240
433,1984,395,225,81,96
433,2006,1552,321,58,90
434,1733,379,241,75,120
434,1842,1411,320,96,240
434,1984,396,226,81,96
434,2006,1552,321,58,90
435,1733,380,242,75,120
435,1842,1411,320,96,240
435,1984,397,227,81,96
435,2006,1552,321,58,90
436,1733,381,242,75,120
436,1842,1411,320,96,240
436,1984,398,228,81,96
436,2006,1552,321,58,90
437,1733,382,243,75,120
437,1842,1411,320,96,240
437,1984,399,229,81,96
437,2006,1552,321,58,90
438,1733,383,243,75,120
438,1842,1411,320,96,240
438,1984,400,229,81,96
438,2006,1552,321,58,90
439,1733,383,243,75,120
439,1842,1411,320,96,240
439,1984,401,229,81,96
439,2006,1552,321,58,90
440,1733,384,243,75,120
440,1842,1411,320,96,240
440,1984,402,229,81,96
440,2006,1552,321,58,90
441,1733,384,243,75,120
441,1842,1411,320,96,240
441,1984,402,229,81,96
441,2006,1552,321,58,90
442,1733,385,243,75,120
442,1842,1411,320,96,240
442,1984,403,229,81,96
442,2006,1552,321,58,90
443,1733,385,243,75,120
443,1842,1411,320,96,240
443,1984,404,229,81,96
443,2006,1552,321,58,90
444,1733,386,243,75,120
444,1842,1411,320,96,240
444,1984,405,229,81,96
444,2006,1552,321,58,90
445,1733,387,243,75,120
445,1842,1411,320,96,240
445,1984,406,229,81,96
445,2006,1552,321,58,90
446,1733,388,243,75,120
446,1842,1411,320,96,240
446,1984,408,229,81,96
446,2006,1552,321,58,90
447,1733,390,243,75,120
447,1842,1411,320,96,240
447,1984,409,229,81,96
447,2006,1552,321,58,90
448,1733,391,243,75,120
448,1842,1411,320,96,240
448,1984,411,229,81,96
448,2006,1552,321,58,90
449,1733,392,243,75,120
449,1842,1411,320,96,240
449,1984,412,228,81,96
449,2006,1552,321,58,90
450,1733,394,243,75,120
450,1842,1411,320,96,240
450,1984,414,228,81,96
450,2006,1552,321,58,90
451,1733,395,243,75,120
451,1842,1411,320,96,240
451,1984,415,228,81,96
451,2006,1552,321,58,90
452,1733,397,243,75,120
452,1842,1411,320,96,240
452,1984,417,228,81,96
452,2006,1552,321,58,90
453,1733,399,243,75,120
453,1842,1411,320,96,240
453,1984,419,229,81,96
453,2006,1552,321,58,90
454,1733,401,244,75,120
454,1842,1411,320,96,240
454,1984,421,229,81,96
454,2006,1552,321,58,90
455,1733,403,244,75,120
455,1842,1411,320,96,240
455,1984,423,230,81,96
455,2006,1552,321,58,90
456,1733,405,245,75,120
456,1842,1411,320,96,240
456,1984,425,232,81,96
456,2006,1552,321,58,90
457,1733,407,246,75,120
457,1842,1411,320,96,240
457,1984,427,233,81,96
457,2006,1552,321,58,90
458,1733,409,247,75,120
458,1842,1411,320,96,240
458,1984,430,234,81,96
458,2006,1552,321,58,90
459,1733,411,247,75,120
459,1842,1411,320,96,240
459,1984,432,234,81,96
459,2006,1552,321,58,90
460,1733,413,247,75,120
460,1842,1411,320,96,240
460,1984,434,234,81,96
460,2006,1552,321,58,90
461,1733,415,247,75,120
461,1842,1411,320,96,240
461,1984,437,234,81,96
461,2006,1552,321,58,90
462,1733,417,247,75,120
462,1842,1411,320,96,240
462,1984,439,234,81,96
462,2006,1552,321,58,90
463,1733,419,247,75,120
463,1842,1411,320,96,240
463,1984,441,234,81,96
463,2006,1552,321,58,90
464,1733,421,247,75,120
464,1842,1411,320,96,240
464,1984,444,233,81,96
464,2006,1552,321,58,90
465,1733,423,247,75,120
465,1842,1411,320,96,240
465,1984,447,233,81,96
465,2006,1552,321,58,90
466,1733,425,246,75,120
466,1842,1411,320,96,240
466,1984,449,232,81,96
466,2006,1552,321,58,90
467,1733,427,246,75,120
467,1842,1411,320,96,240
467,1984,451,232,81,96
467,2006,1552,321,58,90
468,1733,429,246,75,120
468,1842,1411,320,96,240
468,1984,453,232,81,96
468,2006,1552,321,58,90
469,1733,431,246,75,120
469,1842,1411,320,96,240
469,1984,455,232,81,96
469,2006,1552,321,58,90
470,1733,432,246,75,120
470,1842,1411,320,96,240
470,1984,457,232,81,96
470,2006,1552,321,58,90
471,1733,434,246,75,120
471,1842,1411,320,96,240
471,1984,459,232,81,96
471,2006,1552,321,58,90
472,1733,435,246,75,120
472,1842,1411,320,96,240
472,1984,460,232,81,96
472,2006,1552,321,58,90
473,1733,437,246,75,120
473,1842,1411,320,96,240
473,1984,462,232,81,96
473,2006,1552,321,58,90
474,1733,438,246,75,120
474,1842,1411,320,96,240
474,1984,463,233,81,96
474,2006,1552,321,58,90
475,1733,440,246,75,120
475,1842,1411,320,96,240
475,1984,464,233,81,96
475,2006,1552,321,58,90
476,1733,441,246,75,120
476,1842,1411,320,96,240
476,1984,466,234,81,96
476,2006,1552,321,58,90
477,1733,443,246,75,120
477,1842,1411,320,96,240
477,1984,467,235,81,96
477,2006,1552,321,58,90
478,1733,444,247,75,120
478,1842,1411,320,96,240
478,1984,468,236,81,96
478,2006,1552,321,58,90
479,1733,445,247,75,120
479,1842,1411,320,96,240
479,1984,470,237,81,96
479,2006,1552,321,58,90
480,1733,446,248,75,120
480,1842,1411,320,96,240
480,1984,471,238,81,96
480,2006,1552,321,58,90
481,1733,447,249,75,120
481,1842,1411,320,96,240
481,1984,472,239,81,96
481,2006,1552,321,58,90
482,1733,448,249,75,120
482,1842,1411,320,96,240
482,1984,474,240,81,96
482,2006,1552,321,58,90
483,1733,449,250,75,120
483,1842,1411,320,96,240
483,1984,475,241,81,96
483,2006,1552,321,58,90
484,1733,450,250,75,120
484,1842,1411,320,96,240
484,1984,476,241,81,96
484,2006,1552,321,58,90
485,1733,451,250,75,120
485,1842,1411,320,96,240
485,1984,477,241,81,96
485,2006,1552,321,58,90
486,1733,452,250,75,120
486,1842,1411,320,96,240
486,1984,478,242,81,96
486,2006,1552,321,58,90
487,1733,453,250,75,120
487,1842,1411,320,96,240
487,1984,479,242,81,96
487,2006,1552,321,58,90
488,1733,454,250,75,120
488,1842,1411,320,96,240
488,1984,481,242,81,96
488,2006,1552,321,58,90
489,1733,455,250,75,120
489,1842,1411,320,96,240
489,1984,482,242,81,96
489,2006,1552,321,58,90
490,1733,457,250,75,120
490,1842,1411,320,96,240
490,1984,484,242,81,96
490,2006,1552,321,58,90
491,1733,458,250,75,120
491,1842,1411,320,96,240
491,1984,485,242,81,96
491,2006,1552,321,58,90
